# 2.54168 Applied 10.16670 delta #
-0.50000E+001 0 0.00000E+000 0.00000E+000 0.00000E+000 0.00000E+000
-0.49650E+001 0 0.00000E+000 0.00000E+000 0.00000E+000 0.00000E+000
-0.49300E+001 0 0.00000E+000 0.00000E+000 0.00000E+000 0.00000E+000
-0.48950E+001 0 0.00000E+000 0.00000E+000 0.00000E+000 0.00000E+000
-0.48600E+001 0 0.00000E+000 0.00000E+000 0.00000E+000 0.00000E+000
-0.48250E+001 0 0.00000E+000 0.00000E+000 0.00000E+000 0.00000E+000
-0.47900E+001 0 0.00000E+000 0.00000E+000 0.00000E+000 0.00000E+000
-0.47550E+001 0 0.00000E+000 0.00000E+000 0.00000E+000 0.00000E+000
-0.47200E+001 0 0.00000E+000 0.00000E+000 0.00000E+000 0.00000E+000
-0.46850E+001 0 0.00000E+000 0.00000E+000 0.00000E+000 0.00000E+000
-0.46500E+001 0 0.00000E+000 0.00000E+000 0.00000E+000 0.00000E+000
-0.46150E+001 0 0.00000E+000 0.00000E+000 0.00000E+000 0.00000E+000
-0.45800E+001 0 0.00000E+000 0.00000E+000 0.00000E+000 0.00000E+000
-0.45450E+001 0 0.00000E+000 0.00000E+000 0.00000E+000 0.00000E+000
-0.45100E+001 0 0.00000E+000 0.00000E+000 0.00000E+000 0.00000E+000
-0.44750E+001 0 0.00000E+000 0.00000E+000 0.00000E+000 0.00000E+000
-0.44400E+001 0 0.00000E+000 0.00000E+000 0.00000E+000 0.00000E+000
-0.44050E+001 0 0.00000E+000 0.00000E+000 0.00000E+000 0.00000E+000
-0.43700E+001 0 0.00000E+000 0.00000E+000 0.00000E+000 0.00000E+000
-0.43350E+001 0 0.00000E+000 0.00000E+000 0.00000E+000 0.00000E+000
-0.43000E+001 0 0.00000E+000 0.00000E+000 0.00000E+000 0.00000E+000
-0.42650E+001 0 0.00000E+000 0.00000E+000 0.00000E+000 0.00000E+000
-0.42300E+001 0 0.00000E+000 0.00000E+000 0.00000E+000 0.00000E+000
-0.41950E+001 0 0.00000E+000 0.00000E+000 0.00000E+000 0.00000E+000
-0.41600E+001 0 0.00000E+000 0.00000E+000 0.00000E+000 0.00000E+000
-0.41250E+001 0 0.00000E+000 0.00000E+000 0.00000E+000 0.00000E+000
-0.40900E+001 0 0.00000E+000 0.00000E+000 0.00000E+000 0.00000E+000
-0.40550E+001 0 0.00000E+000 0.00000E+000 0.00000E+000 0.00000E+000
-0.40200E+001 0 0.00000E+000 0.00000E+000 0.00000E+000 0.00000E+000
-0.39850E+001 0 0.00000E+000 0.00000E+000 0.00000E+000 0.00000E+000
-0.39500E+001 0 0.00000E+000 0.00000E+000 0.00000E+000 0.00000E+000
-0.39150E+001 0 0.00000E+000 0.00000E+000 0.00000E+000 0.00000E+000
-0.38800E+001 0 0.00000E+000 0.00000E+000 0.00000E+000 0.00000E+000
-0.38450E+001 0 0.00000E+000 0.00000E+000 0.00000E+000 0.00000E+000
-0.38100E+001 0 0.00000E+000 0.00000E+000 0.00000E+000 0.00000E+000
-0.37750E+001 0 0.00000E+000 0.00000E+000 0.00000E+000 0.00000E+000
-0.37400E+001 0 0.00000E+000 0.00000E+000 0.00000E+000 0.00000E+000
-0.37050E+001 0 0.00000E+000 0.00000E+000 0.00000E+000 0.00000E+000
-0.36700E+001 0 0.00000E+000 0.00000E+000 0.00000E+000 0.00000E+000
-0.36350E+001 0 0.00000E+000 0.00000E+000 0.00000E+000 0.00000E+000
-0.36000E+001 0 0.00000E+000 0.00000E+000 0.00000E+000 0.00000E+000
-0.35650E+001 0 0.00000E+000 0.00000E+000 0.00000E+000 0.00000E+000
-0.35300E+001 0 0.00000E+000 0.00000E+000 0.00000E+000 0.00000E+000
-0.34950E+001 0 0.00000E+000 0.00000E+000 0.00000E+000 0.00000E+000
-0.34600E+001 0 0.00000E+000 0.00000E+000 0.00000E+000 0.00000E+000
-0.34250E+001 0 0.00000E+000 0.00000E+000 0.00000E+000 0.00000E+000
-0.33900E+001 0 0.00000E+000 0.00000E+000 0.00000E+000 0.00000E+000
-0.33550E+001 0 0.00000E+000 0.00000E+000 0.00000E+000 0.00000E+000
-0.33200E+001 0 0.00000E+000 0.00000E+000 0.00000E+000 0.00000E+000
-0.32850E+001 0 0.00000E+000 0.00000E+000 0.00000E+000 0.00000E+000
-0.32500E+001 0 0.00000E+000 0.00000E+000 0.00000E+000 0.00000E+000
-0.32150E+001 0 0.00000E+000 0.00000E+000 0.00000E+000 0.00000E+000
-0.31800E+001 0 0.00000E+000 0.00000E+000 0.00000E+000 0.00000E+000
-0.31450E+001 0 0.00000E+000 0.00000E+000 0.00000E+000 0.00000E+000
-0.31100E+001 0 0.00000E+000 0.00000E+000 0.00000E+000 0.00000E+000
-0.30750E+001 0 0.00000E+000 0.00000E+000 0.00000E+000 0.00000E+000
-0.30400E+001 0 0.00000E+000 0.00000E+000 0.00000E+000 0.00000E+000
-0.30050E+001 0 0.00000E+000 0.00000E+000 0.00000E+000 0.00000E+000
-0.29700E+001 0 0.00000E+000 0.00000E+000 0.00000E+000 0.00000E+000
-0.29350E+001 0 0.00000E+000 0.00000E+000 0.00000E+000 0.00000E+000
-0.29000E+001 0 0.00000E+000 0.00000E+000 0.00000E+000 0.00000E+000
-0.28650E+001 0 0.00000E+000 0.00000E+000 0.00000E+000 0.00000E+000
-0.28300E+001 0 0.00000E+000 0.00000E+000 0.00000E+000 0.00000E+000
-0.27950E+001 0 0.00000E+000 0.00000E+000 0.00000E+000 0.00000E+000
-0.27600E+001 0 0.00000E+000 0.00000E+000 0.00000E+000 0.00000E+000
-0.27250E+001 0 0.00000E+000 0.00000E+000 0.00000E+000 0.00000E+000
-0.26900E+001 0 0.00000E+000 0.00000E+000 0.00000E+000 0.00000E+000
-0.26550E+001 0 0.00000E+000 0.00000E+000 0.00000E+000 0.00000E+000
-0.26200E+001 0 0.00000E+000 0.00000E+000 0.00000E+000 0.00000E+000
-0.25850E+001 0 0.00000E+000 0.00000E+000 0.00000E+000 0.00000E+000
-0.25500E+001 0 0.00000E+000 0.00000E+000 0.00000E+000 0.00000E+000
-0.25150E+001 0 0.00000E+000 0.00000E+000 0.00000E+000 0.00000E+000
-0.24800E+001 0 0.00000E+000 0.00000E+000 0.00000E+000 0.00000E+000
-0.24450E+001 0 0.00000E+000 0.00000E+000 0.00000E+000 0.00000E+000
-0.24100E+001 0 0.00000E+000 0.00000E+000 0.00000E+000 0.00000E+000
-0.23750E+001 0 0.00000E+000 0.00000E+000 0.00000E+000 0.00000E+000
-0.23400E+001 0 0.00000E+000 0.00000E+000 0.00000E+000 0.00000E+000
-0.23050E+001 0 0.00000E+000 0.00000E+000 0.00000E+000 0.00000E+000
-0.22700E+001 0 0.00000E+000 0.00000E+000 0.00000E+000 0.00000E+000
-0.22350E+001 0 0.00000E+000 0.00000E+000 0.00000E+000 0.00000E+000
-0.22000E+001 0 0.00000E+000 0.00000E+000 0.00000E+000 0.00000E+000
-0.21650E+001 0 0.00000E+000 0.00000E+000 0.00000E+000 0.00000E+000
-0.21300E+001 0 0.00000E+000 0.00000E+000 0.00000E+000 0.00000E+000
-0.20950E+001 0 0.00000E+000 0.00000E+000 0.00000E+000 0.00000E+000
-0.20600E+001 0 0.00000E+000 0.00000E+000 0.00000E+000 0.00000E+000
-0.20250E+001 0 0.00000E+000 0.00000E+000 0.00000E+000 0.00000E+000
-0.19900E+001 0 0.00000E+000 0.00000E+000 0.00000E+000 0.00000E+000
-0.19550E+001 0 0.00000E+000 0.00000E+000 0.00000E+000 0.00000E+000
-0.19200E+001 0 0.00000E+000 0.00000E+000 0.00000E+000 0.00000E+000
-0.18850E+001 0 0.00000E+000 0.00000E+000 0.00000E+000 0.00000E+000
-0.18500E+001 0 0.00000E+000 0.00000E+000 0.00000E+000 0.00000E+000
-0.18150E+001 0 0.00000E+000 0.00000E+000 0.00000E+000 0.00000E+000
-0.17800E+001 0 0.00000E+000 0.00000E+000 0.00000E+000 0.00000E+000
-0.17450E+001 0 0.00000E+000 0.00000E+000 0.00000E+000 0.00000E+000
-0.17100E+001 0 0.00000E+000 0.00000E+000 0.00000E+000 0.00000E+000
-0.16750E+001 0 0.00000E+000 0.00000E+000 0.00000E+000 0.00000E+000
-0.16400E+001 0 0.00000E+000 0.00000E+000 0.00000E+000 0.00000E+000
-0.16050E+001 0 0.00000E+000 0.00000E+000 0.00000E+000 0.00000E+000
-0.15700E+001 0 0.00000E+000 0.00000E+000 0.00000E+000 0.00000E+000
-0.15350E+001 0 0.00000E+000 0.00000E+000 0.00000E+000 0.00000E+000
-0.15000E+001 0 0.00000E+000 0.00000E+000 0.00000E+000 0.00000E+000
-0.14650E+001 0 0.00000E+000 0.00000E+000 0.00000E+000 0.00000E+000
-0.14300E+001 0 0.00000E+000 0.00000E+000 0.00000E+000 0.00000E+000
-0.13950E+001 0 0.00000E+000 0.00000E+000 0.00000E+000 0.00000E+000
-0.13600E+001 0 0.00000E+000 0.00000E+000 0.00000E+000 0.00000E+000
-0.13250E+001 0 0.00000E+000 0.00000E+000 0.00000E+000 0.00000E+000
-0.12900E+001 0 0.00000E+000 0.00000E+000 0.00000E+000 0.00000E+000
-0.12550E+001 0 0.00000E+000 0.00000E+000 0.00000E+000 0.00000E+000
-0.12200E+001 0 0.00000E+000 0.00000E+000 0.00000E+000 0.00000E+000
-0.11850E+001 0 0.00000E+000 0.00000E+000 0.00000E+000 0.00000E+000
-0.11500E+001 0 0.00000E+000 0.00000E+000 0.00000E+000 0.00000E+000
-0.11150E+001 0 0.00000E+000 0.00000E+000 0.00000E+000 0.00000E+000
-0.10800E+001 0 0.00000E+000 0.00000E+000 0.00000E+000 0.00000E+000
-0.10450E+001 0 0.00000E+000 0.00000E+000 0.00000E+000 0.00000E+000
-0.10100E+001 0 0.00000E+000 0.00000E+000 0.00000E+000 0.00000E+000
-0.97500E+000 0 0.00000E+000 0.00000E+000 0.00000E+000 0.00000E+000
-0.94000E+000 0 0.00000E+000 0.00000E+000 0.00000E+000 0.00000E+000
-0.90500E+000 0 0.00000E+000 0.00000E+000 0.00000E+000 0.00000E+000
-0.87000E+000 0 0.00000E+000 0.00000E+000 0.00000E+000 0.00000E+000
-0.83500E+000 0 0.00000E+000 0.00000E+000 0.00000E+000 0.00000E+000
-0.80000E+000 0 0.00000E+000 0.00000E+000 0.00000E+000 0.00000E+000
-0.76500E+000 0 0.00000E+000 0.00000E+000 0.00000E+000 0.00000E+000
-0.73000E+000 0 0.00000E+000 0.00000E+000 0.00000E+000 0.00000E+000
-0.69500E+000 0 0.00000E+000 0.00000E+000 0.00000E+000 0.00000E+000
-0.66000E+000 0 0.00000E+000 0.00000E+000 0.00000E+000 0.00000E+000
-0.62500E+000 0 0.00000E+000 0.00000E+000 0.00000E+000 0.00000E+000
-0.59000E+000 0 0.00000E+000 0.00000E+000 0.00000E+000 0.00000E+000
-0.55500E+000 0 0.00000E+000 0.00000E+000 0.00000E+000 0.00000E+000
-0.52000E+000 0 0.00000E+000 0.00000E+000 0.00000E+000 0.00000E+000
-0.48500E+000 0 0.00000E+000 0.00000E+000 0.00000E+000 0.00000E+000
-0.45000E+000 0 0.00000E+000 0.00000E+000 0.00000E+000 0.00000E+000
-0.41500E+000 0 0.00000E+000 0.00000E+000 0.00000E+000 0.00000E+000
-0.38000E+000 0 0.00000E+000 0.00000E+000 0.00000E+000 0.00000E+000
-0.34500E+000 0 0.00000E+000 0.00000E+000 0.00000E+000 0.00000E+000
-0.31000E+000 0 0.00000E+000 0.00000E+000 0.00000E+000 0.00000E+000
-0.27500E+000 0 0.00000E+000 0.00000E+000 0.00000E+000 0.00000E+000
-0.24000E+000 0 0.00000E+000 0.00000E+000 0.00000E+000 0.00000E+000
-0.20500E+000 0 0.00000E+000 0.00000E+000 0.00000E+000 0.00000E+000
-0.17000E+000 0 0.00000E+000 0.00000E+000 0.00000E+000 0.00000E+000
-0.13500E+000 0 0.00000E+000 0.00000E+000 0.00000E+000 0.00000E+000
-0.10000E+000 0 0.00000E+000 0.00000E+000 0.00000E+000 0.00000E+000
-0.65000E-001 0 0.00000E+000 0.00000E+000 0.00000E+000 0.00000E+000
-0.30000E-001 0 0.00000E+000 0.00000E+000 0.00000E+000 0.00000E+000
0.50000E-002 0 0.00000E+000 0.00000E+000 0.00000E+000 0.00000E+000
0.40000E-001 0 0.00000E+000 0.00000E+000 0.00000E+000 0.00000E+000
0.75000E-001 0 0.00000E+000 0.00000E+000 0.00000E+000 0.00000E+000
0.11000E+000 0 0.00000E+000 0.00000E+000 0.00000E+000 0.00000E+000
0.14500E+000 0 0.00000E+000 0.00000E+000 0.00000E+000 0.00000E+000
0.18000E+000 0 0.00000E+000 0.00000E+000 0.00000E+000 0.00000E+000
0.21500E+000 0 0.00000E+000 0.00000E+000 0.00000E+000 0.00000E+000
0.25000E+000 0 0.00000E+000 0.00000E+000 0.00000E+000 0.00000E+000
0.28500E+000 0 0.00000E+000 0.00000E+000 0.00000E+000 0.00000E+000
0.32000E+000 0 0.00000E+000 0.00000E+000 0.00000E+000 0.00000E+000
0.35500E+000 0 0.00000E+000 0.00000E+000 0.00000E+000 0.00000E+000
0.39000E+000 0 0.00000E+000 0.00000E+000 0.00000E+000 0.00000E+000
0.42500E+000 0 0.00000E+000 0.00000E+000 0.00000E+000 0.00000E+000
0.46000E+000 0 0.00000E+000 0.00000E+000 0.00000E+000 0.00000E+000
0.49500E+000 2.37252e-306 0.00000E+000 0.00000E+000 0.00000E+000 0.94901E-305
0.53000E+000 1.63566e-303 0.00000E+000 0.00000E+000 0.42237E-304 0.65004E-302
0.56500E+000 1.07822e-300 0.00000E+000 0.00000E+000 0.28664E-301 0.42842E-299
0.60000E+000 6.8929e-298 0.00000E+000 0.00000E+000 0.18761E-298 0.27384E-296
0.63500E+000 4.27352e-295 0.00000E+000 0.00000E+000 0.11909E-295 0.16975E-293
0.67000E+000 2.56983e-292 0.00000E+000 0.00000E+000 0.73312E-293 0.10206E-290
0.70500E+000 1.49867e-289 0.00000E+000 0.00000E+000 0.43771E-290 0.59509E-288
0.74000E+000 8.47637e-287 0.37402E-303 0.37402E-303 0.25346E-287 0.33652E-285
0.77500E+000 4.64983e-284 0.25125E-300 0.25125E-300 0.14234E-284 0.18457E-282
0.81000E+000 2.47371e-281 0.16335E-297 0.16335E-297 0.77527E-282 0.98173E-280
0.84500E+000 1.27634e-278 0.10299E-294 0.10299E-294 0.40953E-279 0.50644E-277
0.88000E+000 6.38695e-276 0.62981E-292 0.62981E-292 0.20980E-276 0.25338E-274
0.91500E+000 3.09981e-273 0.37352E-289 0.37352E-289 0.10424E-273 0.12295E-271
0.95000E+000 1.45903e-270 0.21484E-286 0.21484E-286 0.50232E-271 0.57859E-269
0.98500E+000 6.66044e-268 0.11985E-283 0.11985E-283 0.23476E-268 0.26407E-266
0.10200E+001 2.94885e-265 0.64840E-281 0.64840E-281 0.10640E-265 0.11689E-263
0.10550E+001 1.26622e-262 0.34022E-278 0.34022E-278 0.46774E-263 0.50181E-261
0.10900E+001 5.2731e-260 0.17313E-275 0.17313E-275 0.19941E-260 0.20893E-258
0.11250E+001 2.12976e-257 0.85447E-273 0.85447E-273 0.82452E-258 0.84366E-256
0.11600E+001 8.34241e-255 0.40900E-270 0.40900E-270 0.33064E-255 0.33039E-253
0.11950E+001 3.1694e-252 0.18987E-267 0.18987E-267 0.12859E-252 0.12549E-250
0.12300E+001 1.16775e-249 0.85482E-265 0.85482E-265 0.48504E-250 0.46225E-248
0.12650E+001 4.17286e-247 0.37326E-262 0.37326E-262 0.17743E-247 0.16514E-245
0.13000E+001 1.44619e-244 0.15807E-259 0.15807E-259 0.62951E-245 0.57218E-243
0.13350E+001 4.8609e-242 0.64920E-257 0.64920E-257 0.21661E-242 0.19227E-240
0.13700E+001 1.5846e-239 0.25859E-254 0.25859E-254 0.72285E-240 0.62661E-238
0.14050E+001 5.00999e-237 0.99899E-252 0.99899E-252 0.23395E-237 0.19806E-235
0.14400E+001 1.53618e-234 0.37429E-249 0.37429E-249 0.73436E-235 0.60713E-233
0.14750E+001 4.56839e-232 0.13600E-246 0.13600E-246 0.22356E-232 0.18050E-230
0.15100E+001 1.3176e-229 0.47930E-244 0.47930E-244 0.66005E-230 0.52044E-228
0.15450E+001 3.68575e-227 0.16382E-241 0.16382E-241 0.18900E-227 0.14554E-225
0.15800E+001 9.99897e-225 0.54302E-239 0.54302E-239 0.52489E-225 0.39471E-223
0.16150E+001 2.63084e-222 0.17457E-236 0.17457E-236 0.14137E-222 0.10382E-220
0.16500E+001 6.71357e-220 0.54429E-234 0.54429E-234 0.36929E-220 0.26485E-218
0.16850E+001 1.66156e-217 0.16459E-231 0.16459E-231 0.93557E-218 0.65527E-216
0.17200E+001 3.98822e-215 0.48269E-229 0.48269E-229 0.22987E-215 0.15723E-213
0.17550E+001 9.28445e-213 0.13729E-226 0.13729E-226 0.54778E-213 0.36590E-211
0.17900E+001 2.09623e-210 0.37871E-224 0.37871E-224 0.12660E-210 0.82583E-209
0.18250E+001 4.59019e-208 0.10132E-221 0.10132E-221 0.28376E-208 0.18077E-206
0.18600E+001 9.74821e-206 0.26289E-219 0.26289E-219 0.61684E-206 0.38376E-204
0.18950E+001 2.00784e-203 0.66153E-217 0.66153E-217 0.13005E-203 0.79013E-202
0.19300E+001 4.01098e-201 0.16145E-214 0.16145E-214 0.26592E-201 0.15778E-199
0.19650E+001 7.77084e-199 0.38214E-212 0.38214E-212 0.52734E-199 0.30556E-197
0.20000E+001 1.46013e-196 0.87724E-210 0.87724E-210 0.10142E-196 0.57391E-195
0.20350E+001 2.6608e-194 0.19530E-207 0.19530E-207 0.18918E-194 0.10454E-192
0.20700E+001 4.70306e-192 0.42171E-205 0.42171E-205 0.34225E-192 0.18470E-190
0.21050E+001 8.06187e-190 0.88310E-203 0.88310E-203 0.60048E-190 0.31647E-188
0.21400E+001 1.3403e-187 0.17936E-200 0.17936E-200 0.10218E-187 0.52590E-186
0.21750E+001 2.16108e-185 0.35328E-198 0.35328E-198 0.16863E-185 0.84757E-184
0.22100E+001 3.37948e-183 0.67489E-196 0.67489E-196 0.26991E-183 0.13248E-181
0.22450E+001 5.12575e-181 0.12504E-193 0.12504E-193 0.41898E-181 0.20084E-179
0.22800E+001 7.5397e-179 0.22468E-191 0.22468E-191 0.63079E-179 0.29528E-177
0.23150E+001 1.07565e-176 0.39155E-189 0.39155E-189 0.92103E-177 0.42105E-175
0.23500E+001 1.48831e-174 0.66177E-187 0.66177E-187 0.13043E-174 0.58228E-173
0.23850E+001 1.99721e-172 0.10848E-184 0.10848E-184 0.17913E-172 0.78097E-171
0.24200E+001 2.5994e-170 0.17245E-182 0.17245E-182 0.23861E-170 0.10159E-168
0.24550E+001 3.28106e-168 0.26589E-180 0.26589E-180 0.30825E-168 0.12816E-166
0.24900E+001 4.0168e-166 0.39759E-178 0.39759E-178 0.38621E-166 0.15681E-164
0.25250E+001 4.76958e-164 0.57659E-176 0.57659E-176 0.46930E-164 0.18609E-162
0.25600E+001 5.49252e-162 0.81099E-174 0.81099E-174 0.55308E-162 0.21417E-160
0.25950E+001 6.13429e-160 0.11063E-171 0.11063E-171 0.63216E-160 0.23905E-158
0.26300E+001 6.64469e-158 0.14636E-169 0.14636E-169 0.70077E-158 0.25878E-156
0.26650E+001 6.98085e-156 0.18779E-167 0.18779E-167 0.75341E-156 0.27170E-154
0.27000E+001 7.1129e-154 0.23368E-165 0.23368E-165 0.78558E-154 0.27666E-152
0.27350E+001 7.02911e-152 0.28202E-163 0.28202E-163 0.79443E-152 0.27322E-150
0.27700E+001 6.73704e-150 0.33010E-161 0.33010E-161 0.77917E-150 0.26169E-148
0.28050E+001 6.26254e-148 0.37472E-159 0.37472E-159 0.74117E-148 0.24309E-146
0.28400E+001 5.64619e-146 0.41256E-157 0.41256E-157 0.68376E-146 0.21901E-144
0.28750E+001 4.93695e-144 0.44051E-155 0.44051E-155 0.61179E-144 0.19136E-142
0.29100E+001 4.18673e-142 0.45618E-153 0.45618E-153 0.53090E-142 0.16216E-140
0.29450E+001 3.4437e-140 0.45816E-151 0.45816E-151 0.44681E-140 0.13328E-138
0.29800E+001 2.74718e-138 0.44627E-149 0.44627E-149 0.36471E-138 0.10624E-136
0.30150E+001 2.12541e-136 0.42159E-147 0.42159E-147 0.28872E-136 0.82129E-135
0.30500E+001 1.59489e-134 0.38626E-145 0.38626E-145 0.22167E-134 0.61579E-133
0.30850E+001 1.16074e-132 0.34323E-143 0.34323E-143 0.16507E-132 0.44779E-131
0.31200E+001 8.19328e-131 0.29579E-141 0.29579E-141 0.11921E-130 0.31581E-129
0.31550E+001 5.609e-129 0.24722E-139 0.24722E-139 0.83499E-129 0.21601E-127
0.31900E+001 3.72431e-127 0.20040E-137 0.20040E-137 0.56723E-127 0.14330E-125
0.32250E+001 2.39836e-125 0.15755E-135 0.15755E-135 0.37372E-125 0.92197E-124
0.32600E+001 1.49798e-123 0.12012E-133 0.12012E-133 0.23880E-123 0.57531E-122
0.32950E+001 9.07423e-122 0.88827E-132 0.88827E-132 0.14799E-121 0.34817E-120
0.33300E+001 5.33138e-120 0.63704E-130 0.63704E-130 0.88952E-120 0.20436E-118
0.33650E+001 3.03814e-118 0.44309E-128 0.44309E-128 0.51854E-118 0.11634E-116
0.34000E+001 1.67904e-116 0.29890E-126 0.29890E-126 0.29317E-116 0.64230E-115
0.34350E+001 9.00013e-115 0.19555E-124 0.19555E-124 0.16075E-114 0.34393E-113
0.34700E+001 4.67898e-113 0.12408E-122 0.12408E-122 0.85491E-113 0.17861E-111
0.35050E+001 2.35934e-111 0.76357E-121 0.76357E-121 0.44095E-111 0.89964E-110
0.35400E+001 1.15385e-109 0.45572E-119 0.45572E-119 0.22058E-109 0.43948E-108
0.35750E+001 5.47305e-108 0.26379E-117 0.26379E-117 0.10702E-107 0.20822E-106
0.36100E+001 2.5178e-106 0.14808E-115 0.14808E-115 0.50358E-106 0.95676E-105
0.36450E+001 1.12343e-104 0.80625E-114 0.80625E-114 0.22982E-104 0.42639E-103
0.36800E+001 4.8618e-103 0.42573E-112 0.42573E-112 0.10172E-102 0.18430E-101
0.37150E+001 2.04062e-101 0.21803E-110 0.21803E-110 0.43667E-101 0.77258E-100
0.37500E+001 8.30728e-100 0.10829E-108 0.10829E-108 0.18181E-099 0.31411E-098
0.37850E+001 3.28004e-98 0.52163E-107 0.52163E-107 0.73415E-098 0.12386E-096
0.38200E+001 1.25613e-96 0.24370E-105 0.24370E-105 0.28752E-096 0.47370E-095
0.38550E+001 4.66553e-95 0.11042E-103 0.11042E-103 0.10921E-094 0.17570E-093
0.38900E+001 1.68081e-93 0.48522E-102 0.48522E-102 0.40233E-093 0.63209E-092
0.39250E+001 5.87288e-92 0.20679E-100 0.20679E-100 0.14375E-091 0.22054E-090
0.39600E+001 1.99026e-90 0.85475E-099 0.85475E-099 0.49814E-090 0.74629E-089
0.39950E+001 6.5418e-89 0.34265E-097 0.34265E-097 0.16742E-088 0.24493E-087
0.40300E+001 2.08556e-87 0.13322E-095 0.13322E-095 0.54574E-087 0.77965E-086
0.40650E+001 6.44885e-86 0.50232E-094 0.50232E-094 0.17254E-085 0.24070E-084
0.41000E+001 1.93404e-84 0.18370E-092 0.18370E-092 0.52904E-084 0.72071E-083
0.41350E+001 5.62583e-83 0.65153E-091 0.65153E-091 0.15733E-082 0.20930E-081
0.41700E+001 1.5872e-81 0.22411E-089 0.22411E-089 0.45379E-081 0.58950E-080
0.42050E+001 4.34338e-80 0.74767E-088 0.74767E-088 0.12695E-079 0.16104E-078
0.42400E+001 1.15276e-78 0.24191E-086 0.24191E-086 0.34443E-078 0.42666E-077
0.42750E+001 2.96759e-77 0.75912E-085 0.75912E-085 0.90636E-077 0.10964E-075
0.43100E+001 7.4093e-76 0.23103E-083 0.23103E-083 0.23132E-075 0.27324E-074
0.43450E+001 1.79435e-74 0.68191E-082 0.68191E-082 0.57261E-074 0.66048E-073
0.43800E+001 4.21468e-73 0.19521E-080 0.19521E-080 0.13747E-072 0.15484E-071
0.44150E+001 9.60253e-72 0.54197E-079 0.54196E-079 0.32011E-071 0.35209E-070
0.44500E+001 2.12191e-70 0.14593E-077 0.14593E-077 0.72293E-070 0.77647E-069
0.44850E+001 4.54788e-69 0.38110E-076 0.38110E-076 0.15835E-068 0.16608E-067
0.45200E+001 9.45453e-68 0.96523E-075 0.96523E-075 0.33641E-067 0.34454E-066
0.45550E+001 1.90639e-66 0.23710E-073 0.23710E-073 0.69316E-066 0.69324E-065
0.45900E+001 3.7283e-65 0.56485E-072 0.56485E-072 0.13852E-064 0.13528E-063
0.46250E+001 7.07275e-64 0.13051E-070 0.13051E-070 0.26850E-063 0.25606E-062
0.46600E+001 1.30134e-62 0.29246E-069 0.29246E-069 0.50476E-062 0.47006E-061
0.46950E+001 2.32241e-61 0.63561E-068 0.63561E-068 0.92034E-061 0.83693E-060
0.47300E+001 4.02015e-60 0.13398E-066 0.13398E-066 0.16276E-059 0.14453E-058
0.47650E+001 6.74965e-59 0.27388E-065 0.27388E-065 0.27916E-058 0.24207E-057
0.48000E+001 1.0992e-57 0.54302E-064 0.54302E-064 0.46441E-057 0.39324E-056
0.48350E+001 1.73631e-56 0.10442E-062 0.10442E-062 0.74932E-056 0.61959E-055
0.48700E+001 2.66025e-55 0.19473E-061 0.19473E-061 0.11726E-054 0.94684E-054
0.49050E+001 3.95348e-54 0.35221E-060 0.35221E-060 0.17799E-053 0.14034E-052
0.49400E+001 5.69883e-53 0.61784E-059 0.61784E-059 0.26203E-052 0.20175E-051
0.49750E+001 7.96785e-52 0.10511E-057 0.10511E-057 0.37414E-051 0.28130E-050
0.50100E+001 1.08059e-50 0.17344E-056 0.17344E-056 0.51815E-050 0.38042E-049
0.50450E+001 1.42145e-49 0.27756E-055 0.27756E-055 0.69599E-049 0.49898E-048
0.50800E+001 1.81371e-48 0.43079E-054 0.43079E-054 0.90674E-048 0.63481E-047
0.51150E+001 2.24473e-47 0.64847E-053 0.64847E-053 0.11458E-046 0.78331E-046
0.51500E+001 2.69473e-46 0.94671E-052 0.94671E-052 0.14042E-045 0.93747E-045
0.51850E+001 3.13783e-45 0.13405E-050 0.13405E-050 0.16693E-044 0.10882E-043
0.52200E+001 3.54415e-44 0.18408E-049 0.18408E-049 0.19246E-043 0.12252E-042
0.52550E+001 3.88305e-43 0.24517E-048 0.24517E-048 0.21522E-042 0.13380E-041
0.52900E+001 4.12635e-42 0.31668E-047 0.31668E-047 0.23344E-041 0.14171E-040
0.53250E+001 4.25345e-41 0.39674E-046 0.39674E-046 0.24558E-040 0.14558E-039
0.53600E+001 4.25298e-40 0.48205E-045 0.48205E-045 0.25059E-039 0.14506E-038
0.53950E+001 4.12503e-39 0.56805E-044 0.56805E-044 0.24801E-038 0.14020E-037
0.54300E+001 3.88068e-38 0.64923E-043 0.64923E-043 0.23807E-037 0.13142E-036
0.54650E+001 3.5414e-37 0.71965E-042 0.71965E-042 0.22166E-036 0.11949E-035
0.55000E+001 3.13495e-36 0.77366E-041 0.77366E-041 0.20018E-035 0.10538E-034
0.55350E+001 2.6918e-35 0.80667E-040 0.80667E-040 0.17534E-034 0.90138E-034
0.55700E+001 2.242e-34 0.81574E-039 0.81574E-039 0.14896E-033 0.74784E-033
0.56050E+001 1.81138e-33 0.80006E-038 0.80006E-038 0.12275E-032 0.60180E-032
0.56400E+001 1.41961e-32 0.76103E-037 0.76103E-037 0.98114E-032 0.46973E-031
0.56750E+001 1.07921e-31 0.70210E-036 0.70210E-036 0.76063E-031 0.35562E-030
0.57100E+001 7.95841e-31 0.62821E-035 0.62821E-035 0.57195E-030 0.26114E-029
0.57450E+001 5.6929e-30 0.54517E-034 0.54517E-034 0.41715E-029 0.18600E-028
0.57800E+001 3.9503e-29 0.45885E-033 0.45885E-033 0.29511E-028 0.12850E-027
0.58150E+001 2.65894e-28 0.37456E-032 0.37456E-032 0.20250E-027 0.86107E-027
0.58500E+001 1.73611e-27 0.29655E-031 0.29655E-031 0.13477E-026 0.55967E-026
0.58850E+001 1.09962e-26 0.22771E-030 0.22771E-030 0.87003E-026 0.35284E-025
0.59200E+001 6.75628e-26 0.16958E-029 0.16958E-029 0.54478E-025 0.21577E-024
0.59550E+001 4.02674e-25 0.12249E-028 0.12249E-028 0.33087E-024 0.12798E-023
0.59900E+001 2.32812e-24 0.85809E-028 0.85809E-028 0.19492E-023 0.73631E-023
0.60250E+001 1.30573e-23 0.58303E-027 0.58303E-027 0.11138E-022 0.41090E-022
0.60600E+001 7.10399e-23 0.38421E-026 0.38420E-026 0.61732E-022 0.22242E-021
0.60950E+001 3.7493e-22 0.24556E-025 0.24556E-025 0.33187E-021 0.11678E-020
0.61300E+001 1.91955e-21 0.15222E-024 0.15222E-024 0.17306E-020 0.59473E-020
0.61650E+001 9.53353e-21 0.91518E-024 0.91518E-024 0.87533E-020 0.29379E-019
0.62000E+001 4.59314e-20 0.53366E-023 0.53366E-023 0.42945E-019 0.14077E-018
0.62350E+001 2.1468e-19 0.30182E-022 0.30181E-022 0.20437E-018 0.65429E-018
0.62700E+001 9.73345e-19 0.16556E-021 0.16556E-021 0.94335E-018 0.29497E-017
0.63050E+001 4.28114e-18 0.88078E-021 0.88078E-021 0.42238E-017 0.12899E-016
0.63400E+001 1.82675e-17 0.45449E-020 0.45449E-020 0.18344E-016 0.54717E-016
0.63750E+001 7.56129e-17 0.22746E-019 0.22746E-019 0.77276E-016 0.22513E-015
0.64100E+001 3.03628e-16 0.11041E-018 0.11041E-018 0.31576E-015 0.89853E-015
0.64450E+001 1.18278e-15 0.51980E-018 0.51980E-018 0.12516E-014 0.34785E-014
0.64800E+001 4.46989e-15 0.23735E-017 0.23735E-017 0.48118E-014 0.13063E-013
0.65150E+001 1.6387e-14 0.10512E-016 0.10512E-016 0.17944E-013 0.47583E-013
0.65500E+001 5.82831e-14 0.45155E-016 0.45155E-016 0.64912E-013 0.16813E-012
0.65850E+001 2.01097e-13 0.18813E-015 0.18813E-015 0.22777E-012 0.57624E-012
0.66200E+001 6.73138e-13 0.76024E-015 0.76024E-015 0.77523E-012 0.19158E-011
0.66550E+001 2.18591e-12 0.29797E-014 0.29797E-014 0.25594E-011 0.61783E-011
0.66900E+001 6.88676e-12 0.11327E-013 0.11327E-013 0.81964E-011 0.19328E-010
0.67250E+001 2.10484e-11 0.41767E-013 0.41766E-013 0.25461E-010 0.58649E-010
0.67600E+001 6.24152e-11 0.14937E-012 0.14937E-012 0.76722E-010 0.17264E-009
0.67950E+001 1.79554e-10 0.51813E-012 0.51813E-012 0.22425E-009 0.49293E-009
0.68300E+001 5.01147e-10 0.17432E-011 0.17432E-011 0.63580E-009 0.13653E-008
0.68650E+001 1.35704e-09 0.56888E-011 0.56888E-011 0.17486E-008 0.36682E-008
0.69000E+001 3.56525e-09 0.18006E-010 0.18006E-010 0.46649E-008 0.95601E-008
0.69350E+001 9.08789e-09 0.55281E-010 0.55281E-010 0.12072E-007 0.24169E-007
0.69700E+001 2.24763e-08 0.16462E-009 0.16462E-009 0.30303E-007 0.59273E-007
0.70050E+001 5.39372e-08 0.47549E-009 0.47548E-009 0.73788E-007 0.14101E-006
0.70400E+001 1.25591e-07 0.13321E-008 0.13321E-008 0.17429E-006 0.32541E-006
0.70750E+001 2.8376e-07 0.36200E-008 0.36200E-008 0.39934E-006 0.72846E-006
0.71100E+001 6.22136e-07 0.95417E-008 0.95417E-008 0.88756E-006 0.15819E-005
0.71450E+001 1.3237e-06 0.24395E-007 0.24395E-007 0.19136E-005 0.33324E-005
0.71800E+001 2.73327e-06 0.60499E-007 0.60499E-007 0.40021E-005 0.68100E-005
0.72150E+001 5.47764e-06 0.14553E-006 0.14553E-006 0.81195E-005 0.13500E-004
0.72500E+001 1.06555e-05 0.33957E-006 0.33957E-006 0.15980E-004 0.25963E-004
0.72850E+001 2.01205e-05 0.76855E-006 0.76855E-006 0.30508E-004 0.48437E-004
0.73200E+001 3.68857e-05 0.16873E-005 0.16873E-005 0.56501E-004 0.87667E-004
0.73550E+001 6.56566e-05 0.35932E-005 0.35932E-005 0.10151E-003 0.15393E-003
0.73900E+001 0.000113499 0.74224E-005 0.74224E-005 0.17693E-003 0.26222E-003
0.74250E+001 0.000190579 0.14873E-004 0.14873E-004 0.29918E-003 0.43339E-003
0.74600E+001 0.0003109 0.28909E-004 0.28909E-004 0.49081E-003 0.69497E-003
0.74950E+001 0.000492873 0.54507E-004 0.54507E-004 0.78118E-003 0.10813E-002
0.75300E+001 0.000759596 0.99693E-004 0.99693E-004 0.12064E-002 0.16326E-002
0.75650E+001 0.00113839 0.17688E-003 0.17688E-003 0.18077E-002 0.23921E-002
0.76000E+001 0.00165977 0.30443E-003 0.30443E-003 0.26285E-002 0.34017E-002
0.76350E+001 0.00235541 0.50827E-003 0.50827E-003 0.37094E-002 0.46957E-002
0.76700E+001 0.00325507 0.82320E-003 0.82320E-003 0.50810E-002 0.62929E-002
0.77050E+001 0.0043832 0.12934E-002 0.12934E-002 0.67565E-002 0.81895E-002
0.77400E+001 0.00575475 0.19714E-002 0.19714E-002 0.87242E-002 0.10352E-001
0.77750E+001 0.00737145 0.29149E-002 0.29149E-002 0.10941E-001 0.12715E-001
0.78100E+001 0.0092194 0.41813E-002 0.41813E-002 0.13333E-001 0.15182E-001
0.78450E+001 0.0112653 0.58186E-002 0.58186E-002 0.15793E-001 0.17631E-001
0.78800E+001 0.0134573 0.78552E-002 0.78552E-002 0.18193E-001 0.19926E-001
0.79150E+001 0.0157272 0.10288E-001 0.10288E-001 0.20398E-001 0.21935E-001
0.79500E+001 0.0179895 0.13072E-001 0.13072E-001 0.22275E-001 0.23539E-001
0.79850E+001 0.0201498 0.16115E-001 0.16115E-001 0.23717E-001 0.24652E-001
0.80200E+001 0.0221042 0.19272E-001 0.19272E-001 0.24648E-001 0.25225E-001
0.80550E+001 0.0237533 0.22362E-001 0.22362E-001 0.25035E-001 0.25254E-001
0.80900E+001 0.0250012 0.25173E-001 0.25173E-001 0.24889E-001 0.24770E-001
0.81250E+001 0.0257695 0.27494E-001 0.27494E-001 0.24255E-001 0.23835E-001
0.81600E+001 0.0260015 0.29135E-001 0.29135E-001 0.23205E-001 0.22531E-001
0.81950E+001 0.0256698 0.29954E-001 0.29954E-001 0.21827E-001 0.20944E-001
0.82300E+001 0.0247827 0.29881E-001 0.29881E-001 0.20209E-001 0.19160E-001
0.82650E+001 0.023383 0.28921E-001 0.28921E-001 0.18433E-001 0.17257E-001
0.83000E+001 0.021548 0.27160E-001 0.27160E-001 0.16570E-001 0.15302E-001
0.83350E+001 0.0193812 0.24748E-001 0.24748E-001 0.14678E-001 0.13351E-001
0.83700E+001 0.0170048 0.21881E-001 0.21881E-001 0.12805E-001 0.11452E-001
0.84050E+001 0.0145448 0.18771E-001 0.18771E-001 0.10990E-001 0.96472E-002
0.84400E+001 0.0121225 0.15626E-001 0.15626E-001 0.92682E-002 0.79699E-002
0.84750E+001 0.00983965 0.12621E-001 0.12621E-001 0.76682E-002 0.64484E-002
0.85100E+001 0.0077756 0.98925E-002 0.98925E-002 0.62149E-002 0.51025E-002
0.85450E+001 0.00597947 0.75238E-002 0.75238E-002 0.49267E-002 0.39436E-002
0.85800E+001 0.00447335 0.55527E-002 0.55527E-002 0.38146E-002 0.29734E-002
0.86150E+001 0.00325483 0.39766E-002 0.39766E-002 0.28812E-002 0.21849E-002
0.86500E+001 0.00230278 0.27636E-002 0.27636E-002 0.21207E-002 0.15632E-002
0.86850E+001 0.00158383 0.18637E-002 0.18637E-002 0.15197E-002 0.10882E-002
0.87200E+001 0.00105884 0.12197E-002 0.12197E-002 0.10594E-002 0.73656E-003
0.87550E+001 0.000687945 0.77462E-003 0.77462E-003 0.71801E-003 0.48453E-003
0.87900E+001 0.000434337 0.47741E-003 0.47741E-003 0.47289E-003 0.30964E-003
0.88250E+001 0.000266455 0.28555E-003 0.28555E-003 0.30254E-003 0.19218E-003
0.88600E+001 0.00015882 0.16575E-003 0.16575E-003 0.18796E-003 0.11582E-003
0.88950E+001 9.19952e-05 0.93390E-004 0.93390E-004 0.11340E-003 0.67801E-004
0.89300E+001 5.18228e-05 0.51106E-004 0.51106E-004 0.66466E-004 0.38613E-004
0.89650E+001 2.8478e-05 0.27224E-004 0.27224E-004 0.37939E-004 0.21525E-004
0.90000E+001 1.5437e-05 0.14239E-004 0.14239E-004 0.21270E-004 0.12000E-004
0.90350E+001 8.57433e-06 0.75460E-005 0.75460E-005 0.12055E-004 0.71503E-005
0.90700E+001 5.4334e-06 0.44720E-005 0.44720E-005 0.75069E-005 0.52827E-005
0.91050E+001 4.68733e-06 0.35909E-005 0.35909E-005 0.60176E-005 0.55499E-005
0.91400E+001 5.77405e-06 0.42789E-005 0.42789E-005 0.68243E-005 0.77141E-005
0.91750E+001 8.66718e-06 0.64452E-005 0.64452E-005 0.97813E-005 0.11997E-004
0.92100E+001 1.37442e-05 0.10386E-004 0.10386E-004 0.15212E-004 0.18993E-004
0.92450E+001 2.17123e-05 0.16710E-004 0.16710E-004 0.23818E-004 0.29611E-004
0.92800E+001 3.35617e-05 0.26307E-004 0.26307E-004 0.36610E-004 0.45023E-004
0.93150E+001 5.05122e-05 0.40306E-004 0.40306E-004 0.54840E-004 0.66597E-004
0.93500E+001 7.39372e-05 0.60031E-004 0.60031E-004 0.79904E-004 0.95783E-004
0.93850E+001 0.000105244 0.86903E-004 0.86903E-004 0.11321E-003 0.13396E-003
0.94200E+001 0.000145725 0.12231E-003 0.12231E-003 0.15601E-003 0.18227E-003
0.94550E+001 0.000196342 0.16741E-003 0.16741E-003 0.20918E-003 0.24137E-003
0.94900E+001 0.00025756 0.22296E-003 0.22296E-003 0.27305E-003 0.31127E-003
0.95250E+001 0.00032915 0.28909E-003 0.28909E-003 0.34721E-003 0.39121E-003
0.95600E+001 0.000410098 0.36517E-003 0.36517E-003 0.43046E-003 0.47959E-003
0.95950E+001 0.000498587 0.44976E-003 0.44976E-003 0.52078E-003 0.57405E-003
0.96300E+001 0.000592132 0.54064E-003 0.54064E-003 0.61554E-003 0.67171E-003
0.96650E+001 0.000687767 0.63501E-003 0.63501E-003 0.71168E-003 0.76937E-003
0.97000E+001 0.000782385 0.72977E-003 0.72977E-003 0.80607E-003 0.86393E-003
0.97350E+001 0.000873013 0.82180E-003 0.82180E-003 0.89582E-003 0.95263E-003
0.97700E+001 0.000957138 0.90835E-003 0.90835E-003 0.97855E-003 0.10333E-002
0.98050E+001 0.00103291 0.98723E-003 0.98723E-003 0.10526E-002 0.11046E-002
0.98400E+001 0.00109915 0.10570E-002 0.10570E-002 0.11169E-002 0.11657E-002
0.98750E+001 0.00115538 0.11169E-002 0.11169E-002 0.11711E-002 0.12166E-002
0.99100E+001 0.00120172 0.11668E-002 0.11668E-002 0.12156E-002 0.12577E-002
0.99450E+001 0.00123875 0.12072E-002 0.12072E-002 0.12509E-002 0.12897E-002
0.99800E+001 0.0012673 0.12388E-002 0.12388E-002 0.12779E-002 0.13137E-002
0.10015E+002 0.00128832 0.12625E-002 0.12625E-002 0.12975E-002 0.13308E-002
0.10050E+002 0.00130298 0.12793E-002 0.12793E-002 0.13110E-002 0.13423E-002
0.10085E+002 0.0013128 0.12907E-002 0.12907E-002 0.13199E-002 0.13499E-002
0.10120E+002 0.0013191 0.12979E-002 0.12979E-002 0.13255E-002 0.13551E-002
0.10155E+002 0.00132347 0.13024E-002 0.13024E-002 0.13295E-002 0.13596E-002
0.10190E+002 0.0013275 0.13059E-002 0.13059E-002 0.13335E-002 0.13647E-002
0.10225E+002 0.0013325 0.13098E-002 0.13098E-002 0.13388E-002 0.13716E-002
0.10260E+002 0.00133957 0.13155E-002 0.13155E-002 0.13463E-002 0.13810E-002
0.10295E+002 0.0013493 0.13237E-002 0.13237E-002 0.13567E-002 0.13931E-002
0.10330E+002 0.00136167 0.13347E-002 0.13347E-002 0.13698E-002 0.14075E-002
0.10365E+002 0.0013765 0.13486E-002 0.13486E-002 0.13851E-002 0.14237E-002
0.10400E+002 0.0013931 0.13646E-002 0.13646E-002 0.14021E-002 0.14411E-002
0.10435E+002 0.00141085 0.13820E-002 0.13820E-002 0.14201E-002 0.14593E-002
0.10470E+002 0.00142927 0.14002E-002 0.14002E-002 0.14386E-002 0.14781E-002
0.10505E+002 0.00144817 0.14187E-002 0.14187E-002 0.14575E-002 0.14978E-002
0.10540E+002 0.00146782 0.14374E-002 0.14374E-002 0.14773E-002 0.15192E-002
0.10575E+002 0.0014887 0.14566E-002 0.14566E-002 0.14985E-002 0.15431E-002
0.10610E+002 0.0015117 0.14772E-002 0.14772E-002 0.15220E-002 0.15704E-002
0.10645E+002 0.00153765 0.15000E-002 0.15000E-002 0.15488E-002 0.16018E-002
0.10680E+002 0.00156727 0.15260E-002 0.15260E-002 0.15794E-002 0.16377E-002
0.10715E+002 0.00160095 0.15559E-002 0.15559E-002 0.16142E-002 0.16778E-002
0.10750E+002 0.00163868 0.15901E-002 0.15901E-002 0.16530E-002 0.17215E-002
0.10785E+002 0.00167993 0.16285E-002 0.16285E-002 0.16952E-002 0.17675E-002
0.10820E+002 0.00172372 0.16706E-002 0.16706E-002 0.17396E-002 0.18141E-002
0.10855E+002 0.00176877 0.17154E-002 0.17154E-002 0.17848E-002 0.18595E-002
0.10890E+002 0.00181315 0.17613E-002 0.17613E-002 0.18288E-002 0.19012E-002
0.10925E+002 0.00185485 0.18065E-002 0.18065E-002 0.18693E-002 0.19371E-002
0.10960E+002 0.00189157 0.18487E-002 0.18487E-002 0.19042E-002 0.19647E-002
0.10995E+002 0.00192072 0.18853E-002 0.18853E-002 0.19307E-002 0.19816E-002
0.11030E+002 0.00194 0.19136E-002 0.19136E-002 0.19466E-002 0.19862E-002
0.11065E+002 0.00194717 0.19310E-002 0.19310E-002 0.19498E-002 0.19769E-002
0.11100E+002 0.00194078 0.19353E-002 0.19353E-002 0.19391E-002 0.19534E-002
0.11135E+002 0.00192007 0.19249E-002 0.19249E-002 0.19141E-002 0.19164E-002
0.11170E+002 0.0018856 0.18996E-002 0.18996E-002 0.18756E-002 0.18676E-002
0.11205E+002 0.00183895 0.18601E-002 0.18601E-002 0.18257E-002 0.18099E-002
0.11240E+002 0.0017832 0.18089E-002 0.18089E-002 0.17677E-002 0.17473E-002
0.11275E+002 0.00172222 0.17494E-002 0.17494E-002 0.17058E-002 0.16843E-002
0.11310E+002 0.00166067 0.16863E-002 0.16863E-002 0.16448E-002 0.16253E-002
0.11345E+002 0.0016033 0.16246E-002 0.16246E-002 0.15893E-002 0.15747E-002
0.11380E+002 0.0015544 0.15692E-002 0.15692E-002 0.15434E-002 0.15358E-002
0.11415E+002 0.0015175 0.15245E-002 0.15245E-002 0.15102E-002 0.15108E-002
0.11450E+002 0.0014948 0.14936E-002 0.14936E-002 0.14915E-002 0.15005E-002
0.11485E+002 0.00148687 0.14780E-002 0.14780E-002 0.14875E-002 0.15040E-002
0.11520E+002 0.00149303 0.14779E-002 0.14779E-002 0.14968E-002 0.15195E-002
0.11555E+002 0.001511 0.14915E-002 0.14915E-002 0.15171E-002 0.15439E-002
0.11590E+002 0.00153747 0.15159E-002 0.15159E-002 0.15447E-002 0.15734E-002
0.11625E+002 0.00156858 0.15473E-002 0.15473E-002 0.15758E-002 0.16039E-002
0.11660E+002 0.0016001 0.15812E-002 0.15812E-002 0.16063E-002 0.16317E-002
0.11695E+002 0.00162805 0.16134E-002 0.16134E-002 0.16323E-002 0.16531E-002
0.11730E+002 0.00164888 0.16397E-002 0.16397E-002 0.16506E-002 0.16655E-002
0.11765E+002 0.00165985 0.16569E-002 0.16569E-002 0.16588E-002 0.16668E-002
0.11800E+002 0.0016592 0.16627E-002 0.16627E-002 0.16554E-002 0.16560E-002
0.11835E+002 0.00164602 0.16557E-002 0.16557E-002 0.16396E-002 0.16331E-002
0.11870E+002 0.00162047 0.16356E-002 0.16356E-002 0.16120E-002 0.15987E-002
0.11905E+002 0.00158352 0.16030E-002 0.16030E-002 0.15735E-002 0.15546E-002
0.11940E+002 0.00153713 0.15596E-002 0.15596E-002 0.15263E-002 0.15030E-002
0.11975E+002 0.00148378 0.15077E-002 0.15077E-002 0.14728E-002 0.14469E-002
0.12010E+002 0.00142658 0.14503E-002 0.14503E-002 0.14162E-002 0.13895E-002
0.12045E+002 0.001369 0.13908E-002 0.13908E-002 0.13600E-002 0.13344E-002
0.12080E+002 0.0013147 0.13329E-002 0.13329E-002 0.13077E-002 0.12853E-002
0.12115E+002 0.0012673 0.12804E-002 0.12804E-002 0.12628E-002 0.12456E-002
0.12150E+002 0.00123003 0.12367E-002 0.12367E-002 0.12287E-002 0.12180E-002
0.12185E+002 0.00120572 0.12051E-002 0.12051E-002 0.12078E-002 0.12049E-002
0.12220E+002 0.00119633 0.11879E-002 0.11879E-002 0.12019E-002 0.12076E-002
0.12255E+002 0.00120293 0.11867E-002 0.11867E-002 0.12120E-002 0.12263E-002
0.12290E+002 0.00122545 0.12019E-002 0.12019E-002 0.12378E-002 0.12602E-002
0.12325E+002 0.0012628 0.12330E-002 0.12330E-002 0.12778E-002 0.13074E-002
0.12360E+002 0.00131285 0.12782E-002 0.12782E-002 0.13299E-002 0.13651E-002
0.12395E+002 0.00137253 0.13349E-002 0.13349E-002 0.13906E-002 0.14297E-002
0.12430E+002 0.00143805 0.13994E-002 0.13994E-002 0.14562E-002 0.14972E-002
0.12465E+002 0.00150533 0.14677E-002 0.14677E-002 0.15226E-002 0.15633E-002
0.12500E+002 0.00157027 0.15357E-002 0.15357E-002 0.15856E-002 0.16241E-002
0.12535E+002 0.00162912 0.15992E-002 0.15992E-002 0.16418E-002 0.16763E-002
0.12570E+002 0.00167867 0.16547E-002 0.16547E-002 0.16880E-002 0.17173E-002
0.12605E+002 0.0017165 0.16993E-002 0.16993E-002 0.17221E-002 0.17453E-002
0.12640E+002 0.0017413 0.17312E-002 0.17312E-002 0.17431E-002 0.17597E-002
0.12675E+002 0.00175255 0.17494E-002 0.17494E-002 0.17507E-002 0.17607E-002
0.12710E+002 0.00175077 0.17540E-002 0.17540E-002 0.17456E-002 0.17495E-002
0.12745E+002 0.00173728 0.17459E-002 0.17459E-002 0.17294E-002 0.17279E-002
0.12780E+002 0.0017141 0.17270E-002 0.17270E-002 0.17042E-002 0.16982E-002
0.12815E+002 0.00168365 0.16995E-002 0.16995E-002 0.16724E-002 0.16632E-002
0.12850E+002 0.00164862 0.16660E-002 0.16660E-002 0.16368E-002 0.16257E-002
0.12885E+002 0.00161175 0.16294E-002 0.16294E-002 0.16000E-002 0.15882E-002
0.12920E+002 0.00157577 0.15925E-002 0.15925E-002 0.15646E-002 0.15535E-002
0.12955E+002 0.00154305 0.15577E-002 0.15577E-002 0.15331E-002 0.15237E-002
0.12990E+002 0.00151572 0.15275E-002 0.15275E-002 0.15072E-002 0.15007E-002
0.13025E+002 0.00149533 0.15035E-002 0.15035E-002 0.14886E-002 0.14857E-002
0.13060E+002 0.00148298 0.14873E-002 0.14873E-002 0.14780E-002 0.14793E-002
0.13095E+002 0.00147908 0.14795E-002 0.14795E-002 0.14758E-002 0.14815E-002
0.13130E+002 0.00148343 0.14802E-002 0.14802E-002 0.14817E-002 0.14916E-002
0.13165E+002 0.0014951 0.14889E-002 0.14889E-002 0.14945E-002 0.15081E-002
0.13200E+002 0.00151272 0.15044E-002 0.15044E-002 0.15128E-002 0.15293E-002
0.13235E+002 0.00153435 0.15251E-002 0.15251E-002 0.15344E-002 0.15528E-002
0.13270E+002 0.00155768 0.15487E-002 0.15487E-002 0.15572E-002 0.15761E-002
0.13305E+002 0.00158027 0.15729E-002 0.15729E-002 0.15786E-002 0.15967E-002
0.13340E+002 0.0015999 0.15953E-002 0.15953E-002 0.15965E-002 0.16125E-002
0.13375E+002 0.00161455 0.16138E-002 0.16138E-002 0.16089E-002 0.16217E-002
0.13410E+002 0.00162258 0.16264E-002 0.16264E-002 0.16144E-002 0.16231E-002
0.13445E+002 0.00162308 0.16318E-002 0.16318E-002 0.16123E-002 0.16164E-002
0.13480E+002 0.0016158 0.16295E-002 0.16295E-002 0.16024E-002 0.16018E-002
0.13515E+002 0.00160087 0.16192E-002 0.16192E-002 0.15852E-002 0.15799E-002
0.13550E+002 0.0015792 0.16016E-002 0.16016E-002 0.15616E-002 0.15520E-002
0.13585E+002 0.00155182 0.15776E-002 0.15776E-002 0.15328E-002 0.15193E-002
0.13620E+002 0.00152007 0.15484E-002 0.15485E-002 0.15000E-002 0.14834E-002
0.13655E+002 0.00148525 0.15154E-002 0.15154E-002 0.14646E-002 0.14456E-002
0.13690E+002 0.0014486 0.14797E-002 0.14797E-002 0.14278E-002 0.14072E-002
0.13725E+002 0.00141133 0.14426E-002 0.14426E-002 0.13908E-002 0.13693E-002
0.13760E+002 0.0013745 0.14053E-002 0.14053E-002 0.13544E-002 0.13330E-002
0.13795E+002 0.00133907 0.13687E-002 0.13687E-002 0.13197E-002 0.12992E-002
0.13830E+002 0.00130603 0.13339E-002 0.13339E-002 0.12876E-002 0.12687E-002
0.13865E+002 0.0012763 0.13018E-002 0.13018E-002 0.12591E-002 0.12425E-002
0.13900E+002 0.00125073 0.12734E-002 0.12734E-002 0.12348E-002 0.12213E-002
0.13935E+002 0.00123007 0.12496E-002 0.12496E-002 0.12156E-002 0.12055E-002
0.13970E+002 0.0012148 0.12310E-002 0.12310E-002 0.12018E-002 0.11954E-002
0.14005E+002 0.00120515 0.12181E-002 0.12181E-002 0.11936E-002 0.11908E-002
0.14040E+002 0.0012009 0.12109E-002 0.12109E-002 0.11907E-002 0.11911E-002
0.14075E+002 0.00120142 0.12089E-002 0.12089E-002 0.11924E-002 0.11955E-002
0.14110E+002 0.00120595 0.12116E-002 0.12116E-002 0.11977E-002 0.12029E-002
0.14145E+002 0.00121332 0.12178E-002 0.12178E-002 0.12056E-002 0.12121E-002
0.14180E+002 0.00122227 0.12262E-002 0.12262E-002 0.12148E-002 0.12219E-002
0.14215E+002 0.00123175 0.12357E-002 0.12357E-002 0.12243E-002 0.12313E-002
0.14250E+002 0.00124083 0.12453E-002 0.12453E-002 0.12331E-002 0.12396E-002
0.14285E+002 0.0012488 0.12540E-002 0.12540E-002 0.12408E-002 0.12464E-002
0.14320E+002 0.00125525 0.12613E-002 0.12613E-002 0.12469E-002 0.12515E-002
0.14355E+002 0.00125997 0.12670E-002 0.12670E-002 0.12512E-002 0.12547E-002
0.14390E+002 0.00126285 0.12709E-002 0.12709E-002 0.12536E-002 0.12560E-002
0.14425E+002 0.00126377 0.12728E-002 0.12728E-002 0.12541E-002 0.12554E-002
0.14460E+002 0.0012627 0.12728E-002 0.12728E-002 0.12525E-002 0.12527E-002
0.14495E+002 0.0012594 0.12706E-002 0.12706E-002 0.12487E-002 0.12477E-002
0.14530E+002 0.00125365 0.12660E-002 0.12660E-002 0.12424E-002 0.12402E-002
0.14565E+002 0.0012454 0.12589E-002 0.12589E-002 0.12335E-002 0.12303E-002
0.14600E+002 0.00123462 0.12491E-002 0.12491E-002 0.12222E-002 0.12181E-002
0.14635E+002 0.00122145 0.12366E-002 0.12366E-002 0.12086E-002 0.12040E-002
0.14670E+002 0.00120635 0.12219E-002 0.12219E-002 0.11932E-002 0.11884E-002
0.14705E+002 0.00118983 0.12053E-002 0.12053E-002 0.11766E-002 0.11721E-002
0.14740E+002 0.00117278 0.11877E-002 0.11877E-002 0.11598E-002 0.11559E-002
0.14775E+002 0.00115602 0.11700E-002 0.11700E-002 0.11435E-002 0.11406E-002
0.14810E+002 0.00114047 0.11530E-002 0.11530E-002 0.11286E-002 0.11273E-002
0.14845E+002 0.00112705 0.11378E-002 0.11378E-002 0.11160E-002 0.11166E-002
0.14880E+002 0.00111668 0.11253E-002 0.11253E-002 0.11067E-002 0.11094E-002
0.14915E+002 0.00111017 0.11164E-002 0.11164E-002 0.11014E-002 0.11065E-002
0.14950E+002 0.00110832 0.11119E-002 0.11119E-002 0.11009E-002 0.11086E-002
0.14985E+002 0.00111188 0.11127E-002 0.11127E-002 0.11058E-002 0.11163E-002
0.15020E+002 0.00112132 0.11194E-002 0.11194E-002 0.11166E-002 0.11299E-002
0.15055E+002 0.00113707 0.11325E-002 0.11325E-002 0.11337E-002 0.11496E-002
0.15090E+002 0.0011588 0.11519E-002 0.11519E-002 0.11566E-002 0.11748E-002
0.15125E+002 0.00118615 0.11775E-002 0.11775E-002 0.11849E-002 0.12047E-002
0.15160E+002 0.0012179 0.12083E-002 0.12083E-002 0.12172E-002 0.12378E-002
0.15195E+002 0.00125247 0.12429E-002 0.12429E-002 0.12518E-002 0.12723E-002
0.15230E+002 0.00128787 0.12794E-002 0.12794E-002 0.12867E-002 0.13060E-002
0.15265E+002 0.0013219 0.13156E-002 0.13156E-002 0.13197E-002 0.13367E-002
0.15300E+002 0.00135232 0.13492E-002 0.13492E-002 0.13485E-002 0.13624E-002
0.15335E+002 0.00137713 0.13780E-002 0.13780E-002 0.13712E-002 0.13813E-002
0.15370E+002 0.00139473 0.14000E-002 0.14000E-002 0.13865E-002 0.13924E-002
0.15405E+002 0.00140412 0.14140E-002 0.14140E-002 0.13934E-002 0.13951E-002
0.15440E+002 0.00140493 0.14192E-002 0.14192E-002 0.13918E-002 0.13895E-002
0.15475E+002 0.0013974 0.14156E-002 0.14156E-002 0.13821E-002 0.13763E-002
0.15510E+002 0.00138265 0.14041E-002 0.14041E-002 0.13655E-002 0.13569E-002
0.15545E+002 0.00136185 0.13857E-002 0.13857E-002 0.13433E-002 0.13327E-002
0.15580E+002 0.00133685 0.13621E-002 0.13621E-002 0.13174E-002 0.13058E-002
0.15615E+002 0.00130967 0.13354E-002 0.13354E-002 0.12898E-002 0.12781E-002
0.15650E+002 0.00128225 0.13075E-002 0.13075E-002 0.12625E-002 0.12515E-002
0.15685E+002 0.00125652 0.12804E-002 0.12804E-002 0.12373E-002 0.12280E-002
0.15720E+002 0.00123418 0.12560E-002 0.12560E-002 0.12159E-002 0.12088E-002
0.15755E+002 0.0012165 0.12357E-002 0.12357E-002 0.11995E-002 0.11951E-002
0.15790E+002 0.00120437 0.12207E-002 0.12207E-002 0.11887E-002 0.11874E-002
0.15825E+002 0.00119822 0.12116E-002 0.12116E-002 0.11840E-002 0.11857E-002
0.15860E+002 0.00119795 0.12085E-002 0.12085E-002 0.11851E-002 0.11897E-002
0.15895E+002 0.00120293 0.12110E-002 0.12110E-002 0.11914E-002 0.11983E-002
0.15930E+002 0.00121222 0.12183E-002 0.12183E-002 0.12018E-002 0.12105E-002
0.15965E+002 0.00122467 0.12294E-002 0.12294E-002 0.12150E-002 0.12249E-002
0.16000E+002 0.00123875 0.12428E-002 0.12428E-002 0.12297E-002 0.12397E-002
0.16035E+002 0.00125303 0.12571E-002 0.12571E-002 0.12442E-002 0.12537E-002
0.16070E+002 0.001266 0.12707E-002 0.12707E-002 0.12571E-002 0.12655E-002
0.16105E+002 0.00127655 0.12824E-002 0.12824E-002 0.12674E-002 0.12740E-002
0.16140E+002 0.00128365 0.12910E-002 0.12910E-002 0.12740E-002 0.12786E-002
0.16175E+002 0.00128673 0.12957E-002 0.12957E-002 0.12765E-002 0.12790E-002
0.16210E+002 0.00128568 0.12962E-002 0.12962E-002 0.12749E-002 0.12754E-002
0.16245E+002 0.0012808 0.12926E-002 0.12926E-002 0.12695E-002 0.12685E-002
0.16280E+002 0.00127288 0.12856E-002 0.12856E-002 0.12611E-002 0.12592E-002
0.16315E+002 0.0012629 0.12759E-002 0.12759E-002 0.12510E-002 0.12488E-002
0.16350E+002 0.0012522 0.12650E-002 0.12650E-002 0.12403E-002 0.12385E-002
0.16385E+002 0.00124208 0.12541E-002 0.12541E-002 0.12305E-002 0.12296E-002
0.16420E+002 0.0012338 0.12447E-002 0.12447E-002 0.12226E-002 0.12232E-002
0.16455E+002 0.0012283 0.12379E-002 0.12379E-002 0.12176E-002 0.12198E-002
0.16490E+002 0.00122617 0.12345E-002 0.12345E-002 0.12160E-002 0.12197E-002
0.16525E+002 0.0012274 0.12347E-002 0.12347E-002 0.12176E-002 0.12226E-002
0.16560E+002 0.00123175 0.12385E-002 0.12385E-002 0.12221E-002 0.12279E-002
0.16595E+002 0.0012383 0.12450E-002 0.12450E-002 0.12285E-002 0.12347E-002
0.16630E+002 0.00124608 0.12534E-002 0.12534E-002 0.12358E-002 0.12417E-002
0.16665E+002 0.00125378 0.12623E-002 0.12623E-002 0.12427E-002 0.12478E-002
0.16700E+002 0.00126035 0.12705E-002 0.12705E-002 0.12483E-002 0.12521E-002
0.16735E+002 0.00126478 0.12768E-002 0.12768E-002 0.12515E-002 0.12540E-002
0.16770E+002 0.00126642 0.12805E-002 0.12805E-002 0.12518E-002 0.12529E-002
0.16805E+002 0.00126502 0.12810E-002 0.12810E-002 0.12492E-002 0.12489E-002
0.16840E+002 0.00126042 0.12780E-002 0.12780E-002 0.12435E-002 0.12422E-002
0.16875E+002 0.00125285 0.12717E-002 0.12717E-002 0.12351E-002 0.12329E-002
0.16910E+002 0.00124275 0.12625E-002 0.12625E-002 0.12244E-002 0.12216E-002
0.16945E+002 0.00123027 0.12506E-002 0.12506E-002 0.12116E-002 0.12083E-002
0.16980E+002 0.00121578 0.12363E-002 0.12363E-002 0.11971E-002 0.11934E-002
0.17015E+002 0.00119937 0.12200E-002 0.12200E-002 0.11808E-002 0.11767E-002
0.17050E+002 0.001181 0.12016E-002 0.12016E-002 0.11628E-002 0.11580E-002
0.17085E+002 0.00116055 0.11811E-002 0.11811E-002 0.11427E-002 0.11373E-002
0.17120E+002 0.00113795 0.11584E-002 0.11584E-002 0.11206E-002 0.11144E-002
0.17155E+002 0.00111315 0.11336E-002 0.11336E-002 0.10962E-002 0.10892E-002
0.17190E+002 0.00108625 0.11066E-002 0.11066E-002 0.10698E-002 0.10620E-002
0.17225E+002 0.00105767 0.10777E-002 0.10777E-002 0.10418E-002 0.10335E-002
0.17260E+002 0.00102803 0.10476E-002 0.10476E-002 0.10127E-002 0.10042E-002
0.17295E+002 0.00099826 0.10170E-002 0.10170E-002 0.98363E-003 0.97541E-003
0.17330E+002 0.000969363 0.98689E-003 0.98689E-003 0.95554E-003 0.94813E-003
0.17365E+002 0.00094255 0.95849E-003 0.95849E-003 0.92964E-003 0.92358E-003
0.17400E+002 0.000918945 0.93293E-003 0.93293E-003 0.90707E-003 0.90285E-003
0.17435E+002 0.000899528 0.91126E-003 0.91126E-003 0.88880E-003 0.88679E-003
0.17470E+002 0.000885025 0.89434E-003 0.89434E-003 0.87549E-003 0.87593E-003
0.17505E+002 0.000875795 0.88267E-003 0.88267E-003 0.86746E-003 0.87038E-003
0.17540E+002 0.000871808 0.87637E-003 0.87637E-003 0.86463E-003 0.86986E-003
0.17575E+002 0.000872603 0.87514E-003 0.87514E-003 0.86648E-003 0.87365E-003
0.17610E+002 0.00087735 0.87828E-003 0.87828E-003 0.87213E-003 0.88071E-003
0.17645E+002 0.000884915 0.88475E-003 0.88475E-003 0.88040E-003 0.88976E-003
0.17680E+002 0.00089396 0.89324E-003 0.89324E-003 0.88996E-003 0.89940E-003
0.17715E+002 0.00090309 0.90236E-003 0.90236E-003 0.89939E-003 0.90825E-003
0.17750E+002 0.000910998 0.91072E-003 0.91072E-003 0.90742E-003 0.91513E-003
0.17785E+002 0.000916595 0.91713E-003 0.91713E-003 0.91299E-003 0.91913E-003
0.17820E+002 0.000919125 0.92069E-003 0.92069E-003 0.91538E-003 0.91974E-003
0.17855E+002 0.000918273 0.92091E-003 0.92091E-003 0.91434E-003 0.91693E-003
0.17890E+002 0.000914163 0.91775E-003 0.91775E-003 0.91003E-003 0.91112E-003
0.17925E+002 0.000907393 0.91166E-003 0.91166E-003 0.90311E-003 0.90314E-003
0.17960E+002 0.000898927 0.90347E-003 0.90347E-003 0.89460E-003 0.89417E-003
0.17995E+002 0.000890037 0.89437E-003 0.89437E-003 0.88580E-003 0.88561E-003
0.18030E+002 0.000882123 0.88574E-003 0.88574E-003 0.87812E-003 0.87889E-003
0.18065E+002 0.00087657 0.87900E-003 0.87900E-003 0.87294E-003 0.87534E-003
0.18100E+002 0.00087459 0.87544E-003 0.87544E-003 0.87146E-003 0.87602E-003
0.18135E+002 0.000877098 0.87611E-003 0.87611E-003 0.87453E-003 0.88164E-003
0.18170E+002 0.00088462 0.88170E-003 0.88170E-003 0.88262E-003 0.89246E-003
0.18205E+002 0.000897225 0.89245E-003 0.89245E-003 0.89573E-003 0.90827E-003
0.18240E+002 0.000914578 0.90818E-003 0.90818E-003 0.91346E-003 0.92849E-003
0.18275E+002 0.000935962 0.92831E-003 0.92831E-003 0.93504E-003 0.95219E-003
0.18310E+002 0.000960423 0.95197E-003 0.95197E-003 0.95947E-003 0.97828E-003
0.18345E+002 0.000986853 0.97808E-003 0.97808E-003 0.98565E-003 0.10056E-002
0.18380E+002 0.0010141 0.10055E-002 0.10055E-002 0.10125E-002 0.10329E-002
0.18415E+002 0.00104123 0.10332E-002 0.10332E-002 0.10390E-002 0.10595E-002
0.18450E+002 0.00106733 0.10602E-002 0.10602E-002 0.10645E-002 0.10844E-002
0.18485E+002 0.0010918 0.10858E-002 0.10858E-002 0.10883E-002 0.11073E-002
0.18520E+002 0.00111435 0.11096E-002 0.11096E-002 0.11102E-002 0.11280E-002
0.18555E+002 0.00113475 0.11313E-002 0.11313E-002 0.11301E-002 0.11463E-002
0.18590E+002 0.00115305 0.11509E-002 0.11509E-002 0.11479E-002 0.11625E-002
0.18625E+002 0.00116922 0.11683E-002 0.11683E-002 0.11638E-002 0.11765E-002
0.18660E+002 0.00118348 0.11837E-002 0.11837E-002 0.11778E-002 0.11887E-002
0.18695E+002 0.00119575 0.11971E-002 0.11971E-002 0.11899E-002 0.11989E-002
0.18730E+002 0.00120615 0.12086E-002 0.12086E-002 0.12001E-002 0.12073E-002
0.18765E+002 0.00121452 0.12180E-002 0.12180E-002 0.12083E-002 0.12138E-002
0.18800E+002 0.0012208 0.12253E-002 0.12253E-002 0.12143E-002 0.12183E-002
0.18835E+002 0.00122507 0.12305E-002 0.12305E-002 0.12183E-002 0.12210E-002
0.18870E+002 0.0012274 0.12337E-002 0.12337E-002 0.12203E-002 0.12219E-002
0.18905E+002 0.00122792 0.12350E-002 0.12350E-002 0.12204E-002 0.12213E-002
0.18940E+002 0.00122705 0.12348E-002 0.12348E-002 0.12191E-002 0.12195E-002
0.18975E+002 0.001225 0.12333E-002 0.12333E-002 0.12167E-002 0.12167E-002
0.19010E+002 0.0012223 0.12311E-002 0.12311E-002 0.12135E-002 0.12135E-002
0.19045E+002 0.0012192 0.12284E-002 0.12284E-002 0.12100E-002 0.12100E-002
0.19080E+002 0.00121603 0.12256E-002 0.12256E-002 0.12064E-002 0.12065E-002
0.19115E+002 0.00121275 0.12227E-002 0.12227E-002 0.12028E-002 0.12028E-002
0.19150E+002 0.00120927 0.12197E-002 0.12197E-002 0.11989E-002 0.11988E-002
0.19185E+002 0.0012054 0.12164E-002 0.12164E-002 0.11946E-002 0.11942E-002
0.19220E+002 0.00120065 0.12122E-002 0.12122E-002 0.11895E-002 0.11887E-002
0.19255E+002 0.00119465 0.12069E-002 0.12069E-002 0.11830E-002 0.11818E-002
0.19290E+002 0.00118705 0.11999E-002 0.11999E-002 0.11750E-002 0.11734E-002
0.19325E+002 0.00117757 0.11909E-002 0.11909E-002 0.11652E-002 0.11633E-002
0.19360E+002 0.00116625 0.11799E-002 0.11799E-002 0.11536E-002 0.11516E-002
0.19395E+002 0.0011532 0.11669E-002 0.11669E-002 0.11404E-002 0.11386E-002
0.19430E+002 0.0011388 0.11522E-002 0.11522E-002 0.11260E-002 0.11248E-002
0.19465E+002 0.00112353 0.11363E-002 0.11363E-002 0.11109E-002 0.11106E-002
0.19500E+002 0.00110805 0.11199E-002 0.11199E-002 0.10957E-002 0.10967E-002
0.19535E+002 0.00109285 0.11036E-002 0.11036E-002 0.10809E-002 0.10833E-002
0.19570E+002 0.00107825 0.10877E-002 0.10877E-002 0.10669E-002 0.10707E-002
0.19605E+002 0.0010646 0.10728E-002 0.10728E-002 0.10538E-002 0.10590E-002
0.19640E+002 0.00105195 0.10590E-002 0.10590E-002 0.10417E-002 0.10481E-002
0.19675E+002 0.00104002 0.10461E-002 0.10461E-002 0.10303E-002 0.10376E-002
0.19710E+002 0.0010286 0.10339E-002 0.10339E-002 0.10193E-002 0.10273E-002
0.19745E+002 0.00101753 0.10223E-002 0.10223E-002 0.10085E-002 0.10170E-002
0.19780E+002 0.00100638 0.10108E-002 0.10108E-002 0.99752E-003 0.10064E-002
0.19815E+002 0.00099506 0.99921E-003 0.99921E-003 0.98627E-003 0.99555E-003
0.19850E+002 0.000983592 0.98753E-003 0.98753E-003 0.97478E-003 0.98453E-003
0.19885E+002 0.000972108 0.97578E-003 0.97578E-003 0.96324E-003 0.97363E-003
0.19920E+002 0.000960895 0.96419E-003 0.96419E-003 0.95198E-003 0.96322E-003
0.19955E+002 0.000950352 0.95311E-003 0.95311E-003 0.94144E-003 0.95375E-003
0.19990E+002 0.000940905 0.94295E-003 0.94295E-003 0.93208E-003 0.94564E-003
0.20025E+002 0.000932983 0.93417E-003 0.93417E-003 0.92433E-003 0.93926E-003
0.20060E+002 0.00092696 0.92717E-003 0.92717E-003 0.91857E-003 0.93493E-003
0.20095E+002 0.000923098 0.92226E-003 0.92226E-003 0.91504E-003 0.93283E-003
0.20130E+002 0.000921582 0.91969E-003 0.91969E-003 0.91388E-003 0.93307E-003
0.20165E+002 0.000922457 0.91954E-003 0.91954E-003 0.91511E-003 0.93564E-003
0.20200E+002 0.000925695 0.92181E-003 0.92181E-003 0.91866E-003 0.94050E-003
0.20235E+002 0.000931178 0.92639E-003 0.92639E-003 0.92438E-003 0.94755E-003
0.20270E+002 0.000938753 0.93312E-003 0.93312E-003 0.93208E-003 0.95669E-003
0.20305E+002 0.000948225 0.94177E-003 0.94177E-003 0.94158E-003 0.96778E-003
0.20340E+002 0.0009594 0.95212E-003 0.95212E-003 0.95269E-003 0.98067E-003
0.20375E+002 0.000972045 0.96391E-003 0.96391E-003 0.96519E-003 0.99517E-003
0.20410E+002 0.000985905 0.97687E-003 0.97687E-003 0.97888E-003 0.10110E-002
0.20445E+002 0.00100067 0.99071E-003 0.99071E-003 0.99347E-003 0.10278E-002
0.20480E+002 0.00101595 0.10051E-002 0.10051E-002 0.10086E-002 0.10450E-002
0.20515E+002 0.0010313 0.10196E-002 0.10196E-002 0.10239E-002 0.10621E-002
0.20550E+002 0.00104628 0.10339E-002 0.10339E-002 0.10388E-002 0.10785E-002
0.20585E+002 0.0010602 0.10473E-002 0.10473E-002 0.10528E-002 0.10934E-002
0.20620E+002 0.00107265 0.10595E-002 0.10595E-002 0.10653E-002 0.11063E-002
0.20655E+002 0.00108325 0.10701E-002 0.10701E-002 0.10760E-002 0.11168E-002
0.20690E+002 0.00109155 0.10786E-002 0.10786E-002 0.10845E-002 0.11245E-002
0.20725E+002 0.00109748 0.10849E-002 0.10849E-002 0.10906E-002 0.11295E-002
0.20760E+002 0.00110115 0.10891E-002 0.10891E-002 0.10946E-002 0.11318E-002
0.20795E+002 0.00110287 0.10914E-002 0.10914E-002 0.10967E-002 0.11320E-002
0.20830E+002 0.00110287 0.10921E-002 0.10921E-002 0.10970E-002 0.11303E-002
0.20865E+002 0.00110158 0.10915E-002 0.10915E-002 0.10961E-002 0.11272E-002
0.20900E+002 0.00109922 0.10899E-002 0.10899E-002 0.10940E-002 0.11231E-002
0.20935E+002 0.00109603 0.10875E-002 0.10875E-002 0.10910E-002 0.11181E-002
0.20970E+002 0.00109195 0.10843E-002 0.10843E-002 0.10869E-002 0.11123E-002
0.21005E+002 0.00108678 0.10801E-002 0.10801E-002 0.10815E-002 0.11054E-002
0.21040E+002 0.0010802 0.10746E-002 0.10746E-002 0.10744E-002 0.10972E-002
0.21075E+002 0.0010718 0.10673E-002 0.10673E-002 0.10653E-002 0.10873E-002
0.21110E+002 0.00106138 0.10580E-002 0.10580E-002 0.10541E-002 0.10754E-002
0.21145E+002 0.00104867 0.10463E-002 0.10463E-002 0.10406E-002 0.10615E-002
0.21180E+002 0.00103378 0.10323E-002 0.10323E-002 0.10251E-002 0.10454E-002
0.21215E+002 0.001017 0.10162E-002 0.10162E-002 0.10080E-002 0.10276E-002
0.21250E+002 0.000998868 0.99854E-003 0.99854E-003 0.98979E-003 0.10086E-002
0.21285E+002 0.000980152 0.98001E-003 0.98001E-003 0.97137E-003 0.98922E-003
0.21320E+002 0.00096173 0.96147E-003 0.96147E-003 0.95356E-003 0.97042E-003
0.21355E+002 0.000944542 0.94382E-003 0.94382E-003 0.93724E-003 0.95329E-003
0.21390E+002 0.000929518 0.92796E-003 0.92796E-003 0.92322E-003 0.93893E-003
0.21425E+002 0.000917475 0.91468E-003 0.91468E-003 0.91223E-003 0.92831E-003
0.21460E+002 0.000909055 0.90462E-003 0.90462E-003 0.90480E-003 0.92218E-003
0.21495E+002 0.000904698 0.89826E-003 0.89826E-003 0.90131E-003 0.92096E-003
0.21530E+002 0.000904595 0.89586E-003 0.89586E-003 0.90192E-003 0.92474E-003
0.21565E+002 0.000908683 0.89749E-003 0.89749E-003 0.90656E-003 0.93319E-003
0.21600E+002 0.000916635 0.90299E-003 0.90299E-003 0.91496E-003 0.94560E-003
0.21635E+002 0.00092792 0.91206E-003 0.91206E-003 0.92663E-003 0.96093E-003
0.21670E+002 0.000941785 0.92417E-003 0.92417E-003 0.94088E-003 0.97792E-003
0.21705E+002 0.000957375 0.93870E-003 0.93870E-003 0.95690E-003 0.99520E-003
0.21740E+002 0.000973733 0.95488E-003 0.95488E-003 0.97377E-003 0.10114E-002
0.21775E+002 0.000989932 0.97188E-003 0.97188E-003 0.99057E-003 0.10254E-002
0.21810E+002 0.00100514 0.98888E-003 0.98888E-003 0.10064E-002 0.10364E-002
0.21845E+002 0.00101862 0.10051E-002 0.10051E-002 0.10206E-002 0.10437E-002
0.21880E+002 0.00102987 0.10198E-002 0.10198E-002 0.10325E-002 0.10474E-002
0.21915E+002 0.00103867 0.10325E-002 0.10325E-002 0.10419E-002 0.10478E-002
0.21950E+002 0.00104492 0.10428E-002 0.10428E-002 0.10487E-002 0.10454E-002
0.21985E+002 0.00104895 0.10508E-002 0.10508E-002 0.10531E-002 0.10411E-002
0.22020E+002 0.001051 0.10564E-002 0.10564E-002 0.10554E-002 0.10358E-002
0.22055E+002 0.00105145 0.10599E-002 0.10599E-002 0.10559E-002 0.10301E-002
0.22090E+002 0.00105077 0.10616E-002 0.10616E-002 0.10552E-002 0.10247E-002
0.22125E+002 0.0010492 0.10618E-002 0.10618E-002 0.10534E-002 0.10198E-002
0.22160E+002 0.00104695 0.10608E-002 0.10608E-002 0.10509E-002 0.10153E-002
0.22195E+002 0.001044 0.10587E-002 0.10587E-002 0.10476E-002 0.10110E-002
0.22230E+002 0.00104023 0.10555E-002 0.10555E-002 0.10435E-002 0.10064E-002
0.22265E+002 0.00103545 0.10512E-002 0.10512E-002 0.10385E-002 0.10009E-002
0.22300E+002 0.00102953 0.10457E-002 0.10457E-002 0.10324E-002 0.99430E-003
0.22335E+002 0.00102233 0.10390E-002 0.10390E-002 0.10252E-002 0.98612E-003
0.22370E+002 0.00101385 0.10311E-002 0.10311E-002 0.10169E-002 0.97631E-003
0.22405E+002 0.00100431 0.10222E-002 0.10222E-002 0.10078E-002 0.96502E-003
0.22440E+002 0.00099412 0.10128E-002 0.10128E-002 0.99826E-003 0.95262E-003
0.22475E+002 0.000983818 0.10034E-002 0.10034E-002 0.98881E-003 0.93966E-003
0.22510E+002 0.000974003 0.99455E-003 0.99454E-003 0.98010E-003 0.92682E-003
0.22545E+002 0.00096541 0.98700E-003 0.98699E-003 0.97283E-003 0.91482E-003
0.22580E+002 0.000958722 0.98142E-003 0.98141E-003 0.96769E-003 0.90437E-003
0.22615E+002 0.000954527 0.97841E-003 0.97841E-003 0.96527E-003 0.89602E-003
0.22650E+002 0.00095326 0.97845E-003 0.97844E-003 0.96599E-003 0.89016E-003
0.22685E+002 0.00095512 0.98179E-003 0.98179E-003 0.97001E-003 0.88689E-003
0.22720E+002 0.000960038 0.98846E-003 0.98845E-003 0.97721E-003 0.88603E-003
0.22755E+002 0.000967657 0.99819E-003 0.99818E-003 0.98713E-003 0.88713E-003
0.22790E+002 0.000977377 0.10105E-002 0.10105E-002 0.99902E-003 0.88949E-003
0.22825E+002 0.000988295 0.10245E-002 0.10245E-002 0.10119E-002 0.89228E-003
0.22860E+002 0.00099949 0.10393E-002 0.10393E-002 0.10247E-002 0.89466E-003
0.22895E+002 0.00100997 0.10539E-002 0.10539E-002 0.10362E-002 0.89586E-003
0.22930E+002 0.00101881 0.10672E-002 0.10672E-002 0.10455E-002 0.89532E-003
0.22965E+002 0.00102531 0.10783E-002 0.10783E-002 0.10519E-002 0.89276E-003
0.23000E+002 0.00102904 0.10865E-002 0.10865E-002 0.10550E-002 0.88817E-003
0.23035E+002 0.00102983 0.10913E-002 0.10913E-002 0.10549E-002 0.88182E-003
0.23070E+002 0.00102797 0.10929E-002 0.10929E-002 0.10519E-002 0.87418E-003
0.23105E+002 0.00102394 0.10915E-002 0.10915E-002 0.10469E-002 0.86585E-003
0.23140E+002 0.00101849 0.10878E-002 0.10878E-002 0.10409E-002 0.85745E-003
0.23175E+002 0.0010126 0.10828E-002 0.10828E-002 0.10352E-002 0.84958E-003
0.23210E+002 0.00100709 0.10774E-002 0.10774E-002 0.10308E-002 0.84274E-003
0.23245E+002 0.00100285 0.10726E-002 0.10726E-002 0.10289E-002 0.83732E-003
0.23280E+002 0.00100052 0.10692E-002 0.10692E-002 0.10301E-002 0.83359E-003
0.23315E+002 0.00100043 0.10676E-002 0.10676E-002 0.10348E-002 0.83173E-003
0.23350E+002 0.00100265 0.10680E-002 0.10680E-002 0.10428E-002 0.83182E-003
0.23385E+002 0.00100699 0.10702E-002 0.10702E-002 0.10537E-002 0.83385E-003
0.23420E+002 0.00101294 0.10737E-002 0.10737E-002 0.10666E-002 0.83775E-003
0.23455E+002 0.00101976 0.10777E-002 0.10777E-002 0.10803E-002 0.84333E-003
0.23490E+002 0.00102673 0.10815E-002 0.10815E-002 0.10936E-002 0.85032E-003
0.23525E+002 0.00103303 0.10842E-002 0.10842E-002 0.11054E-002 0.85833E-003
0.23560E+002 0.00103806 0.10854E-002 0.10854E-002 0.11145E-002 0.86693E-003
0.23595E+002 0.00104126 0.10845E-002 0.10845E-002 0.11204E-002 0.87563E-003
0.23630E+002 0.00104235 0.10814E-002 0.10814E-002 0.11226E-002 0.88399E-003
0.23665E+002 0.00104131 0.10762E-002 0.10762E-002 0.11212E-002 0.89165E-003
0.23700E+002 0.00103835 0.10692E-002 0.10692E-002 0.11166E-002 0.89842E-003
0.23735E+002 0.0010338 0.10607E-002 0.10607E-002 0.11095E-002 0.90429E-003
0.23770E+002 0.00102815 0.10513E-002 0.10513E-002 0.11006E-002 0.90941E-003
0.23805E+002 0.00102198 0.10414E-002 0.10414E-002 0.10910E-002 0.91410E-003
0.23840E+002 0.0010159 0.10316E-002 0.10316E-002 0.10816E-002 0.91880E-003
0.23875E+002 0.00101064 0.10226E-002 0.10226E-002 0.10734E-002 0.92396E-003
0.23910E+002 0.00100669 0.10148E-002 0.10148E-002 0.10671E-002 0.93006E-003
0.23945E+002 0.00100471 0.10089E-002 0.10089E-002 0.10635E-002 0.93753E-003
0.23980E+002 0.00100535 0.10057E-002 0.10057E-002 0.10632E-002 0.94679E-003
0.24015E+002 0.00100917 0.10058E-002 0.10058E-002 0.10668E-002 0.95827E-003
0.24050E+002 0.00101676 0.10100E-002 0.10100E-002 0.10746E-002 0.97244E-003
0.24085E+002 0.00102872 0.10190E-002 0.10190E-002 0.10871E-002 0.98980E-003
0.24120E+002 0.00104548 0.10333E-002 0.10333E-002 0.11044E-002 0.10109E-002
0.24155E+002 0.00106712 0.10530E-002 0.10530E-002 0.11264E-002 0.10361E-002
0.24190E+002 0.00109377 0.10781E-002 0.10781E-002 0.11529E-002 0.10660E-002
0.24225E+002 0.0011248 0.11079E-002 0.11079E-002 0.11830E-002 0.11004E-002
0.24260E+002 0.0011595 0.11414E-002 0.11414E-002 0.12159E-002 0.11393E-002
0.24295E+002 0.00119667 0.11772E-002 0.11772E-002 0.12503E-002 0.11820E-002
0.24330E+002 0.00123485 0.12136E-002 0.12136E-002 0.12847E-002 0.12275E-002
0.24365E+002 0.00127257 0.12490E-002 0.12491E-002 0.13175E-002 0.12747E-002
0.24400E+002 0.00130838 0.12819E-002 0.12819E-002 0.13474E-002 0.13223E-002
0.24435E+002 0.001341 0.13108E-002 0.13108E-002 0.13733E-002 0.13691E-002
0.24470E+002 0.00136968 0.13350E-002 0.13350E-002 0.13945E-002 0.14142E-002
0.24505E+002 0.0013942 0.13544E-002 0.13544E-002 0.14110E-002 0.14570E-002
0.24540E+002 0.00141472 0.13691E-002 0.13691E-002 0.14232E-002 0.14975E-002
0.24575E+002 0.00143215 0.13802E-002 0.13802E-002 0.14322E-002 0.15360E-002
0.24610E+002 0.00144762 0.13889E-002 0.13890E-002 0.14392E-002 0.15734E-002
0.24645E+002 0.00146242 0.13968E-002 0.13968E-002 0.14457E-002 0.16104E-002
0.24680E+002 0.001478 0.14054E-002 0.14054E-002 0.14532E-002 0.16480E-002
0.24715E+002 0.0014955 0.14161E-002 0.14161E-002 0.14629E-002 0.16869E-002
0.24750E+002 0.00151565 0.14299E-002 0.14299E-002 0.14754E-002 0.17274E-002
0.24785E+002 0.00153888 0.14474E-002 0.14474E-002 0.14913E-002 0.17694E-002
0.24820E+002 0.001565 0.14686E-002 0.14686E-002 0.15102E-002 0.18126E-002
0.24855E+002 0.00159342 0.14931E-002 0.14931E-002 0.15316E-002 0.18559E-002
0.24890E+002 0.0016231 0.15198E-002 0.15199E-002 0.15545E-002 0.18982E-002
0.24925E+002 0.00165273 0.15476E-002 0.15476E-002 0.15778E-002 0.19379E-002
0.24960E+002 0.00168097 0.15750E-002 0.15750E-002 0.16002E-002 0.19737E-002
0.24995E+002 0.00170637 0.16004E-002 0.16004E-002 0.16206E-002 0.20041E-002
0.25030E+002 0.00172762 0.16224E-002 0.16224E-002 0.16379E-002 0.20278E-002
0.25065E+002 0.00174353 0.16395E-002 0.16395E-002 0.16512E-002 0.20439E-002
0.25100E+002 0.00175335 0.16508E-002 0.16508E-002 0.16599E-002 0.20519E-002
0.25135E+002 0.0017565 0.16553E-002 0.16553E-002 0.16636E-002 0.20518E-002
0.25170E+002 0.00175287 0.16526E-002 0.16526E-002 0.16623E-002 0.20440E-002
0.25205E+002 0.00174295 0.16427E-002 0.16427E-002 0.16567E-002 0.20297E-002
0.25240E+002 0.00172762 0.16263E-002 0.16263E-002 0.16475E-002 0.20104E-002
0.25275E+002 0.0017082 0.16046E-002 0.16046E-002 0.16360E-002 0.19876E-002
0.25310E+002 0.0016865 0.15792E-002 0.15792E-002 0.16241E-002 0.19635E-002
0.25345E+002 0.00166438 0.15523E-002 0.15523E-002 0.16134E-002 0.19395E-002
0.25380E+002 0.0016437 0.15261E-002 0.15261E-002 0.16057E-002 0.19169E-002
0.25415E+002 0.00162625 0.15029E-002 0.15029E-002 0.16026E-002 0.18966E-002
0.25450E+002 0.001613 0.14842E-002 0.14842E-002 0.16052E-002 0.18784E-002
0.25485E+002 0.00160463 0.14713E-002 0.14713E-002 0.16141E-002 0.18618E-002
0.25520E+002 0.00160095 0.14644E-002 0.14644E-002 0.16293E-002 0.18457E-002
0.25555E+002 0.00160123 0.14630E-002 0.14630E-002 0.16502E-002 0.18287E-002
0.25590E+002 0.00160425 0.14660E-002 0.14660E-002 0.16756E-002 0.18094E-002
0.25625E+002 0.0016087 0.14718E-002 0.14718E-002 0.17043E-002 0.17869E-002
0.25660E+002 0.0016132 0.14788E-002 0.14788E-002 0.17346E-002 0.17606E-002
0.25695E+002 0.00161652 0.14854E-002 0.14854E-002 0.17648E-002 0.17305E-002
0.25730E+002 0.001618 0.14905E-002 0.14905E-002 0.17933E-002 0.16977E-002
0.25765E+002 0.00161725 0.14933E-002 0.14933E-002 0.18188E-002 0.16636E-002
0.25800E+002 0.0016145 0.14938E-002 0.14938E-002 0.18402E-002 0.16302E-002
0.25835E+002 0.00161035 0.14924E-002 0.14924E-002 0.18566E-002 0.16000E-002
0.25870E+002 0.00160582 0.14901E-002 0.14901E-002 0.18678E-002 0.15753E-002
0.25905E+002 0.00160215 0.14881E-002 0.14881E-002 0.18740E-002 0.15584E-002
0.25940E+002 0.00160065 0.14879E-002 0.14879E-002 0.18757E-002 0.15511E-002
0.25975E+002 0.0016026 0.14908E-002 0.14909E-002 0.18740E-002 0.15547E-002
0.26010E+002 0.0016092 0.14984E-002 0.14984E-002 0.18702E-002 0.15698E-002
0.26045E+002 0.0016217 0.15119E-002 0.15119E-002 0.18663E-002 0.15967E-002
0.26080E+002 0.00164082 0.15322E-002 0.15323E-002 0.18639E-002 0.16349E-002
0.26115E+002 0.0016675 0.15605E-002 0.15605E-002 0.18652E-002 0.16838E-002
0.26150E+002 0.00170215 0.15971E-002 0.15971E-002 0.18718E-002 0.17426E-002
0.26185E+002 0.00174515 0.16425E-002 0.16425E-002 0.18854E-002 0.18102E-002
0.26220E+002 0.00179657 0.16967E-002 0.16968E-002 0.19070E-002 0.18858E-002
0.26255E+002 0.0018562 0.17595E-002 0.17596E-002 0.19372E-002 0.19685E-002
0.26290E+002 0.00192353 0.18303E-002 0.18304E-002 0.19761E-002 0.20573E-002
0.26325E+002 0.00199755 0.19081E-002 0.19081E-002 0.20230E-002 0.21510E-002
0.26360E+002 0.00207698 0.19914E-002 0.19914E-002 0.20769E-002 0.22482E-002
0.26395E+002 0.00215995 0.20784E-002 0.20784E-002 0.21361E-002 0.23469E-002
0.26430E+002 0.00224423 0.21670E-002 0.21670E-002 0.21984E-002 0.24445E-002
0.26465E+002 0.00232735 0.22549E-002 0.22549E-002 0.22613E-002 0.25383E-002
0.26500E+002 0.00240653 0.23396E-002 0.23397E-002 0.23221E-002 0.26247E-002
0.26535E+002 0.002479 0.24189E-002 0.24189E-002 0.23779E-002 0.27003E-002
0.26570E+002 0.00254213 0.24905E-002 0.24905E-002 0.24259E-002 0.27616E-002
0.26605E+002 0.00259368 0.25528E-002 0.25528E-002 0.24634E-002 0.28057E-002
0.26640E+002 0.00263157 0.26041E-002 0.26041E-002 0.24879E-002 0.28302E-002
0.26675E+002 0.00265455 0.26435E-002 0.26435E-002 0.24976E-002 0.28336E-002
0.26710E+002 0.0026617 0.26702E-002 0.26701E-002 0.24911E-002 0.28154E-002
0.26745E+002 0.00265278 0.26834E-002 0.26834E-002 0.24678E-002 0.27765E-002
0.26780E+002 0.00262795 0.26829E-002 0.26828E-002 0.24278E-002 0.27183E-002
0.26815E+002 0.0025879 0.26680E-002 0.26680E-002 0.23722E-002 0.26434E-002
0.26850E+002 0.00253367 0.26387E-002 0.26387E-002 0.23024E-002 0.25549E-002
0.26885E+002 0.00246672 0.25949E-002 0.25949E-002 0.22209E-002 0.24562E-002
0.26920E+002 0.00238873 0.25370E-002 0.25370E-002 0.21304E-002 0.23505E-002
0.26955E+002 0.0023016 0.24657E-002 0.24657E-002 0.20339E-002 0.22411E-002
0.26990E+002 0.0022075 0.23826E-002 0.23826E-002 0.19342E-002 0.21306E-002
0.27025E+002 0.0021087 0.22897E-002 0.22897E-002 0.18343E-002 0.20211E-002
0.27060E+002 0.00200743 0.21895E-002 0.21895E-002 0.17365E-002 0.19142E-002
0.27095E+002 0.0019058 0.20849E-002 0.20849E-002 0.16427E-002 0.18107E-002
0.27130E+002 0.00180587 0.19791E-002 0.19790E-002 0.15541E-002 0.17113E-002
0.27165E+002 0.00170925 0.18748E-002 0.18747E-002 0.14714E-002 0.16161E-002
0.27200E+002 0.00161725 0.17745E-002 0.17744E-002 0.13949E-002 0.15252E-002
0.27235E+002 0.00153065 0.16800E-002 0.16800E-002 0.13242E-002 0.14384E-002
0.27270E+002 0.00144987 0.15925E-002 0.15925E-002 0.12589E-002 0.13556E-002
0.27305E+002 0.00137502 0.15124E-002 0.15124E-002 0.11984E-002 0.12769E-002
0.27340E+002 0.00130575 0.14393E-002 0.14393E-002 0.11422E-002 0.12022E-002
0.27375E+002 0.00124168 0.13726E-002 0.13726E-002 0.10898E-002 0.11317E-002
0.27410E+002 0.0011823 0.13113E-002 0.13113E-002 0.10409E-002 0.10657E-002
0.27445E+002 0.0011272 0.12545E-002 0.12545E-002 0.99519E-003 0.10046E-002
0.27480E+002 0.00107603 0.12014E-002 0.12014E-002 0.95268E-003 0.94864E-003
0.27515E+002 0.00102859 0.11514E-002 0.11514E-002 0.91330E-003 0.89826E-003
0.27550E+002 0.000984817 0.11043E-002 0.11043E-002 0.87696E-003 0.85371E-003
0.27585E+002 0.000944643 0.10600E-002 0.10599E-002 0.84356E-003 0.81511E-003
0.27620E+002 0.000907975 0.10184E-002 0.10183E-002 0.81288E-003 0.78232E-003
0.27655E+002 0.000874625 0.97944E-003 0.97943E-003 0.78463E-003 0.75500E-003
0.27690E+002 0.000844218 0.94296E-003 0.94295E-003 0.75846E-003 0.73250E-003
0.27725E+002 0.000816235 0.90850E-003 0.90849E-003 0.73399E-003 0.71396E-003
0.27760E+002 0.000790005 0.87545E-003 0.87544E-003 0.71083E-003 0.69830E-003
0.27795E+002 0.000764797 0.84312E-003 0.84311E-003 0.68863E-003 0.68433E-003
0.27830E+002 0.00073989 0.81080E-003 0.81079E-003 0.66711E-003 0.67086E-003
0.27865E+002 0.000714665 0.77793E-003 0.77793E-003 0.64603E-003 0.65677E-003
0.27900E+002 0.00068869 0.74417E-003 0.74417E-003 0.62524E-003 0.64118E-003
0.27935E+002 0.000661757 0.70945E-003 0.70945E-003 0.60462E-003 0.62351E-003
0.27970E+002 0.000633902 0.67400E-003 0.67400E-003 0.58405E-003 0.60356E-003
0.28005E+002 0.000605407 0.63833E-003 0.63833E-003 0.56345E-003 0.58152E-003
0.28040E+002 0.000576705 0.60313E-003 0.60313E-003 0.54267E-003 0.55789E-003
0.28075E+002 0.000548338 0.56918E-003 0.56918E-003 0.52158E-003 0.53341E-003
0.28110E+002 0.000520848 0.53722E-003 0.53723E-003 0.50002E-003 0.50892E-003
0.28145E+002 0.00049473 0.50789E-003 0.50790E-003 0.47788E-003 0.48525E-003
0.28180E+002 0.000470322 0.48158E-003 0.48158E-003 0.45510E-003 0.46303E-003
0.28215E+002 0.000447795 0.45838E-003 0.45838E-003 0.43173E-003 0.44269E-003
0.28250E+002 0.000427145 0.43811E-003 0.43811E-003 0.40795E-003 0.42441E-003
0.28285E+002 0.00040821 0.42032E-003 0.42031E-003 0.38406E-003 0.40815E-003
0.28320E+002 0.000390738 0.40436E-003 0.40436E-003 0.36052E-003 0.39371E-003
0.28355E+002 0.000374433 0.38954E-003 0.38953E-003 0.33785E-003 0.38081E-003
0.28390E+002 0.000359032 0.37516E-003 0.37516E-003 0.31661E-003 0.36920E-003
0.28425E+002 0.000344342 0.36069E-003 0.36068E-003 0.29737E-003 0.35863E-003
0.28460E+002 0.00033028 0.34577E-003 0.34576E-003 0.28064E-003 0.34895E-003
0.28495E+002 0.000316865 0.33030E-003 0.33029E-003 0.26687E-003 0.34000E-003
0.28530E+002 0.000304207 0.31435E-003 0.31434E-003 0.25646E-003 0.33168E-003
0.28565E+002 0.00029249 0.29818E-003 0.29817E-003 0.24977E-003 0.32384E-003
0.28600E+002 0.000281942 0.28214E-003 0.28212E-003 0.24719E-003 0.31632E-003
0.28635E+002 0.000272822 0.26661E-003 0.26660E-003 0.24917E-003 0.30891E-003
0.28670E+002 0.000265422 0.25202E-003 0.25201E-003 0.25625E-003 0.30141E-003
0.28705E+002 0.000260062 0.23878E-003 0.23877E-003 0.26907E-003 0.29363E-003
0.28740E+002 0.000257115 0.22736E-003 0.22735E-003 0.28832E-003 0.28543E-003
0.28775E+002 0.00025703 0.21836E-003 0.21835E-003 0.31464E-003 0.27677E-003
0.28810E+002 0.000260333 0.21255E-003 0.21255E-003 0.34854E-003 0.26769E-003
0.28845E+002 0.000267608 0.21097E-003 0.21098E-003 0.39019E-003 0.25829E-003
0.28880E+002 0.000279525 0.21498E-003 0.21499E-003 0.43938E-003 0.24875E-003
0.28915E+002 0.000296747 0.22620E-003 0.22621E-003 0.49534E-003 0.23924E-003
0.28950E+002 0.000319925 0.24647E-003 0.24647E-003 0.55679E-003 0.22997E-003
0.28985E+002 0.00034958 0.27764E-003 0.27765E-003 0.62196E-003 0.22107E-003
0.29020E+002 0.000386063 0.32141E-003 0.32142E-003 0.68874E-003 0.21268E-003
0.29055E+002 0.000429413 0.37893E-003 0.37895E-003 0.75489E-003 0.20488E-003
0.29090E+002 0.000479323 0.45061E-003 0.45062E-003 0.81832E-003 0.19774E-003
0.29125E+002 0.000535042 0.53574E-003 0.53576E-003 0.87736E-003 0.19131E-003
0.29160E+002 0.000595385 0.63243E-003 0.63244E-003 0.93102E-003 0.18565E-003
0.29195E+002 0.000658748 0.73750E-003 0.73751E-003 0.97913E-003 0.18085E-003
0.29230E+002 0.000723247 0.84673E-003 0.84674E-003 0.10225E-002 0.17702E-003
0.29265E+002 0.000786858 0.95521E-003 0.95522E-003 0.10627E-002 0.17430E-003
0.29300E+002 0.000847688 0.10579E-002 0.10579E-002 0.11021E-002 0.17285E-003
0.29335E+002 0.000904225 0.11502E-002 0.11502E-002 0.11437E-002 0.17280E-003
0.29370E+002 0.000955505 0.12287E-002 0.12287E-002 0.11903E-002 0.17432E-003
0.29405E+002 0.00100128 0.12916E-002 0.12916E-002 0.12444E-002 0.17750E-003
0.29440E+002 0.00104203 0.13390E-002 0.13390E-002 0.13077E-002 0.18241E-003
0.29475E+002 0.00107891 0.13731E-002 0.13731E-002 0.13804E-002 0.18905E-003
0.29510E+002 0.00111344 0.13976E-002 0.13976E-002 0.14612E-002 0.19735E-003
0.29545E+002 0.00114722 0.14173E-002 0.14173E-002 0.15471E-002 0.20718E-003
0.29580E+002 0.00118166 0.14374E-002 0.14374E-002 0.16335E-002 0.21835E-003
0.29615E+002 0.00121759 0.14625E-002 0.14625E-002 0.17147E-002 0.23065E-003
0.29650E+002 0.00125494 0.14957E-002 0.14957E-002 0.17845E-002 0.24387E-003
0.29685E+002 0.0012931 0.15386E-002 0.15386E-002 0.18374E-002 0.25781E-003
0.29720E+002 0.00133053 0.15902E-002 0.15902E-002 0.18694E-002 0.27232E-003
0.29755E+002 0.00136532 0.16477E-002 0.16477E-002 0.18785E-002 0.28736E-003
0.29790E+002 0.00139544 0.17066E-002 0.17065E-002 0.18657E-002 0.30296E-003
0.29825E+002 0.00141932 0.17614E-002 0.17614E-002 0.18352E-002 0.31928E-003
0.29860E+002 0.00143603 0.18070E-002 0.18070E-002 0.17935E-002 0.33662E-003
0.29895E+002 0.00144582 0.18392E-002 0.18392E-002 0.17495E-002 0.35539E-003
0.29930E+002 0.00145023 0.18560E-002 0.18560E-002 0.17128E-002 0.37613E-003
0.29965E+002 0.00145201 0.18576E-002 0.18576E-002 0.16933E-002 0.39952E-003
