# 4.10332 Applied 8.20663
-0.50000E+001 0 0.00000E+000 0.00000E+000
-0.49650E+001 0 0.00000E+000 0.00000E+000
-0.49300E+001 0 0.00000E+000 0.00000E+000
-0.48950E+001 0 0.00000E+000 0.00000E+000
-0.48600E+001 0 0.00000E+000 0.00000E+000
-0.48250E+001 0 0.00000E+000 0.00000E+000
-0.47900E+001 0 0.00000E+000 0.00000E+000
-0.47550E+001 0 0.00000E+000 0.00000E+000
-0.47200E+001 0 0.00000E+000 0.00000E+000
-0.46850E+001 0 0.00000E+000 0.00000E+000
-0.46500E+001 0 0.00000E+000 0.00000E+000
-0.46150E+001 0 0.00000E+000 0.00000E+000
-0.45800E+001 0 0.00000E+000 0.00000E+000
-0.45450E+001 0 0.00000E+000 0.00000E+000
-0.45100E+001 0 0.00000E+000 0.00000E+000
-0.44750E+001 0 0.00000E+000 0.00000E+000
-0.44400E+001 0 0.00000E+000 0.00000E+000
-0.44050E+001 0 0.00000E+000 0.00000E+000
-0.43700E+001 0 0.00000E+000 0.00000E+000
-0.43350E+001 0 0.00000E+000 0.00000E+000
-0.43000E+001 0 0.00000E+000 0.00000E+000
-0.42650E+001 0 0.00000E+000 0.00000E+000
-0.42300E+001 0 0.00000E+000 0.00000E+000
-0.41950E+001 0 0.00000E+000 0.00000E+000
-0.41600E+001 0 0.00000E+000 0.00000E+000
-0.41250E+001 0 0.00000E+000 0.00000E+000
-0.40900E+001 0 0.00000E+000 0.00000E+000
-0.40550E+001 0 0.00000E+000 0.00000E+000
-0.40200E+001 0 0.00000E+000 0.00000E+000
-0.39850E+001 0 0.00000E+000 0.00000E+000
-0.39500E+001 0 0.00000E+000 0.00000E+000
-0.39150E+001 0 0.00000E+000 0.00000E+000
-0.38800E+001 0 0.00000E+000 0.00000E+000
-0.38450E+001 0 0.00000E+000 0.00000E+000
-0.38100E+001 0 0.00000E+000 0.00000E+000
-0.37750E+001 0 0.00000E+000 0.00000E+000
-0.37400E+001 0 0.00000E+000 0.00000E+000
-0.37050E+001 0 0.00000E+000 0.00000E+000
-0.36700E+001 0 0.00000E+000 0.00000E+000
-0.36350E+001 0 0.00000E+000 0.00000E+000
-0.36000E+001 0 0.00000E+000 0.00000E+000
-0.35650E+001 0 0.00000E+000 0.00000E+000
-0.35300E+001 0 0.00000E+000 0.00000E+000
-0.34950E+001 0 0.00000E+000 0.00000E+000
-0.34600E+001 0 0.00000E+000 0.00000E+000
-0.34250E+001 0 0.00000E+000 0.00000E+000
-0.33900E+001 0 0.00000E+000 0.00000E+000
-0.33550E+001 0 0.00000E+000 0.00000E+000
-0.33200E+001 0 0.00000E+000 0.00000E+000
-0.32850E+001 0 0.00000E+000 0.00000E+000
-0.32500E+001 0 0.00000E+000 0.00000E+000
-0.32150E+001 0 0.00000E+000 0.00000E+000
-0.31800E+001 0 0.00000E+000 0.00000E+000
-0.31450E+001 0 0.00000E+000 0.00000E+000
-0.31100E+001 0 0.00000E+000 0.00000E+000
-0.30750E+001 0 0.00000E+000 0.00000E+000
-0.30400E+001 0 0.00000E+000 0.00000E+000
-0.30050E+001 0 0.00000E+000 0.00000E+000
-0.29700E+001 0 0.00000E+000 0.00000E+000
-0.29350E+001 0 0.00000E+000 0.00000E+000
-0.29000E+001 0 0.00000E+000 0.00000E+000
-0.28650E+001 0 0.00000E+000 0.00000E+000
-0.28300E+001 0 0.00000E+000 0.00000E+000
-0.27950E+001 0 0.00000E+000 0.00000E+000
-0.27600E+001 0 0.00000E+000 0.00000E+000
-0.27250E+001 0 0.00000E+000 0.00000E+000
-0.26900E+001 0 0.00000E+000 0.00000E+000
-0.26550E+001 0 0.00000E+000 0.00000E+000
-0.26200E+001 0 0.00000E+000 0.00000E+000
-0.25850E+001 0 0.00000E+000 0.00000E+000
-0.25500E+001 0 0.00000E+000 0.00000E+000
-0.25150E+001 0 0.00000E+000 0.00000E+000
-0.24800E+001 0 0.00000E+000 0.00000E+000
-0.24450E+001 0 0.00000E+000 0.00000E+000
-0.24100E+001 0 0.00000E+000 0.00000E+000
-0.23750E+001 0 0.00000E+000 0.00000E+000
-0.23400E+001 1.14885e-305 0.00000E+000 0.22977E-304
-0.23050E+001 7.9395e-303 0.00000E+000 0.15879E-301
-0.22700E+001 5.26762e-300 0.24885E-303 0.10535E-298
-0.22350E+001 3.38923e-297 0.16876E-300 0.67783E-296
-0.22000E+001 2.11501e-294 0.11091E-297 0.42299E-293
-0.21650E+001 1.28004e-291 0.70698E-295 0.25600E-290
-0.21300E+001 7.51372e-289 0.43705E-292 0.15027E-287
-0.20950E+001 4.27738e-286 0.26203E-289 0.85545E-285
-0.20600E+001 2.36163e-283 0.15237E-286 0.47231E-282
-0.20250E+001 1.26459e-280 0.85925E-284 0.25291E-279
-0.19900E+001 6.56773e-278 0.46996E-281 0.13135E-276
-0.19550E+001 3.30802e-275 0.24929E-278 0.66158E-274
-0.19200E+001 1.61596e-272 0.12824E-275 0.32318E-271
-0.18850E+001 7.65632e-270 0.63986E-273 0.15312E-268
-0.18500E+001 3.518e-267 0.30962E-270 0.70357E-266
-0.18150E+001 1.56777e-264 0.14531E-267 0.31354E-263
-0.17800E+001 6.77633e-262 0.66137E-265 0.13552E-260
-0.17450E+001 2.84045e-259 0.29195E-262 0.56806E-258
-0.17100E+001 1.15481e-256 0.12499E-259 0.23095E-255
-0.16750E+001 4.55331e-254 0.51896E-257 0.91061E-253
-0.16400E+001 1.74125e-251 0.20898E-254 0.34823E-250
-0.16050E+001 6.45791e-249 0.81615E-252 0.12915E-247
-0.15700E+001 2.32295e-246 0.30914E-249 0.46456E-245
-0.15350E+001 8.10407e-244 0.11356E-246 0.16207E-242
-0.15000E+001 2.74195e-241 0.40459E-244 0.54835E-240
-0.14650E+001 8.9977e-239 0.13980E-241 0.17994E-237
-0.14300E+001 2.86358e-236 0.46847E-239 0.57267E-235
-0.13950E+001 8.83876e-234 0.15226E-236 0.17676E-232
-0.13600E+001 2.64604e-231 0.47993E-234 0.52916E-230
-0.13250E+001 7.68223e-229 0.14672E-231 0.15363E-227
-0.12900E+001 2.16327e-226 0.43499E-229 0.43261E-225
-0.12550E+001 5.90813e-224 0.12508E-226 0.11815E-222
-0.12200E+001 1.56482e-221 0.34882E-224 0.31293E-220
-0.11850E+001 4.01987e-219 0.94343E-222 0.80388E-218
-0.11500E+001 1.00152e-216 0.24747E-219 0.20028E-215
-0.11150E+001 2.42001e-214 0.62958E-217 0.48394E-213
-0.10800E+001 5.67128e-212 0.15534E-214 0.11341E-210
-0.10450E+001 1.28904e-209 0.37171E-212 0.25777E-208
-0.10100E+001 2.84148e-207 0.86265E-210 0.56821E-206
-0.97500E+000 6.07497e-205 0.19416E-207 0.12148E-203
-0.94000E+000 1.25961e-202 0.42385E-205 0.25188E-201
-0.90500E+000 2.53315e-200 0.89733E-203 0.50654E-199
-0.87000E+000 4.94062e-198 0.18425E-200 0.98794E-197
-0.83500E+000 9.34583e-196 0.36690E-198 0.18688E-194
-0.80000E+000 1.71455e-193 0.70860E-196 0.34284E-192
-0.76500E+000 3.05076e-191 0.13273E-193 0.61002E-190
-0.73000E+000 5.26471e-189 0.24111E-191 0.10527E-187
-0.69500E+000 8.81112e-187 0.42480E-189 0.17618E-185
-0.66000E+000 1.43026e-184 0.72587E-187 0.28598E-183
-0.62500E+000 2.2517e-182 0.12029E-184 0.45022E-181
-0.59000E+000 3.43802e-180 0.19333E-182 0.68741E-179
-0.55500E+000 5.09101e-178 0.30136E-180 0.10179E-176
-0.52000E+000 7.31228e-176 0.45559E-178 0.14620E-174
-0.48500E+000 1.01853e-173 0.66798E-176 0.20364E-172
-0.45000E+000 1.37597e-171 0.94986E-174 0.27510E-170
-0.41500E+000 1.80285e-169 0.13099E-171 0.36044E-168
-0.38000E+000 2.29103e-167 0.17521E-169 0.45803E-166
-0.34500E+000 2.82359e-165 0.22728E-167 0.56449E-164
-0.31000E+000 3.37508e-163 0.28594E-165 0.67473E-162
-0.27500E+000 3.91274e-161 0.34889E-163 0.78220E-160
-0.24000E+000 4.39931e-159 0.41286E-161 0.87945E-158
-0.20500E+000 4.79732e-157 0.47383E-159 0.95899E-156
-0.17000E+000 5.07364e-155 0.52741E-157 0.10142E-153
-0.13500E+000 5.20435e-153 0.56935E-155 0.10403E-151
-0.10000E+000 5.17748e-151 0.59609E-153 0.10349E-149
-0.65000E-001 4.99548e-149 0.60527E-151 0.99849E-148
-0.30000E-001 4.67463e-147 0.59606E-149 0.93433E-146
0.50000E-002 4.2426e-145 0.56929E-147 0.84795E-144
0.40000E-001 3.73444e-143 0.52733E-145 0.74636E-142
0.75000E-001 3.18812e-141 0.47374E-143 0.63715E-140
0.11000E+000 2.63966e-139 0.41276E-141 0.52752E-138
0.14500E+000 2.11974e-137 0.34879E-139 0.42360E-136
0.18000E+000 1.65093e-135 0.28584E-137 0.32990E-134
0.21500E+000 1.24704e-133 0.22720E-135 0.24918E-132
0.25000E+000 9.13576e-132 0.17514E-133 0.18254E-130
0.28500E+000 6.49105e-130 0.13094E-131 0.12969E-128
0.32000E+000 4.47315e-128 0.94939E-130 0.89368E-127
0.35500E+000 2.98964e-126 0.66763E-128 0.59726E-125
0.39000E+000 1.93793e-124 0.45533E-126 0.38713E-123
0.42500E+000 1.21831e-122 0.30118E-124 0.24336E-121
0.46000E+000 7.42866e-121 0.19321E-122 0.14838E-119
0.49500E+000 4.39301e-119 0.12021E-120 0.87740E-118
0.53000E+000 2.51963e-117 0.72536E-119 0.50320E-116
0.56500E+000 1.40157e-115 0.42449E-117 0.27989E-114
0.60000E+000 7.56155e-114 0.24093E-115 0.15099E-112
0.63500E+000 3.95658e-112 0.13262E-113 0.78999E-111
0.67000E+000 2.00789e-110 0.70802E-112 0.40087E-109
0.70500E+000 9.88283e-109 0.36659E-110 0.19729E-107
0.74000E+000 4.71775e-107 0.18409E-108 0.94171E-106
0.77500E+000 2.18423e-105 0.89653E-107 0.43595E-104
0.81000E+000 9.80817e-104 0.42346E-105 0.19574E-102
0.84500E+000 4.27145e-102 0.19399E-103 0.85235E-101
0.88000E+000 1.80421e-100 0.86185E-102 0.35998E-099
0.91500E+000 7.39107e-99 0.37136E-100 0.14745E-097
0.95000E+000 2.93666e-97 0.15519E-098 0.58578E-096
0.98500E+000 1.13164e-95 0.62898E-097 0.22570E-094
0.10200E+001 4.22941e-94 0.24724E-095 0.84341E-093
0.10550E+001 1.53311e-92 0.94254E-094 0.30568E-091
0.10900E+001 5.38992e-91 0.34849E-092 0.10745E-089
0.11250E+001 1.8378e-89 0.12496E-090 0.36631E-088
0.11600E+001 6.07773e-88 0.43459E-089 0.12112E-086
0.11950E+001 1.94933e-86 0.14658E-087 0.38840E-085
0.12300E+001 6.06398e-85 0.47950E-086 0.12080E-083
0.12650E+001 1.82956e-83 0.15213E-084 0.36439E-082
0.13000E+001 5.3539e-82 0.46809E-083 0.10661E-080
0.13350E+001 1.51943e-80 0.13968E-081 0.30249E-079
0.13700E+001 4.18241e-79 0.40428E-080 0.83244E-078
0.14050E+001 1.11657e-77 0.11348E-078 0.22218E-076
0.14400E+001 2.89115e-76 0.30892E-077 0.57514E-075
0.14750E+001 7.26078e-75 0.81564E-076 0.14440E-073
0.15100E+001 1.76844e-73 0.20886E-074 0.35160E-072
0.15450E+001 4.17763e-72 0.51868E-073 0.83034E-071
0.15800E+001 9.57197e-71 0.12493E-071 0.19019E-069
0.16150E+001 2.12704e-69 0.29183E-070 0.42249E-068
0.16500E+001 4.58436e-68 0.66115E-069 0.91026E-067
0.16850E+001 9.58313e-67 0.14527E-067 0.19021E-065
0.17200E+001 1.94293e-65 0.30957E-066 0.38549E-064
0.17550E+001 3.82054e-64 0.63981E-065 0.75771E-063
0.17900E+001 7.28663e-63 0.12825E-063 0.14445E-061
0.18250E+001 1.34782e-61 0.24931E-062 0.26707E-060
0.18600E+001 2.4181e-60 0.47005E-061 0.47892E-059
0.18950E+001 4.20768e-59 0.85952E-060 0.83294E-058
0.19300E+001 7.10122e-58 0.15243E-058 0.14050E-056
0.19650E+001 1.16241e-56 0.26218E-057 0.22986E-055
0.20000E+001 1.84542e-55 0.43734E-056 0.36471E-054
0.20350E+001 2.84163e-54 0.70755E-055 0.56125E-053
0.20700E+001 4.24396e-53 0.11102E-053 0.83769E-052
0.21050E+001 6.14747e-52 0.16894E-052 0.12126E-050
0.21400E+001 8.63667e-51 0.24934E-051 0.17024E-049
0.21750E+001 1.17695e-49 0.35690E-050 0.23182E-048
0.22100E+001 1.55547e-48 0.49546E-049 0.30614E-047
0.22450E+001 1.99395e-47 0.66707E-048 0.39212E-046
0.22800E+001 2.47915e-46 0.87106E-047 0.48712E-045
0.23150E+001 2.98966e-45 0.11031E-045 0.58690E-044
0.23500E+001 3.49684e-44 0.13549E-044 0.68582E-043
0.23850E+001 3.96705e-43 0.16140E-043 0.77727E-042
0.24200E+001 4.36508e-42 0.18647E-042 0.85437E-041
0.24550E+001 4.65861e-41 0.20893E-041 0.91083E-040
0.24900E+001 4.82238e-40 0.22705E-040 0.94177E-039
0.25250E+001 4.84174e-39 0.23929E-039 0.94442E-038
0.25600E+001 4.71505e-38 0.24460E-038 0.91855E-037
0.25950E+001 4.45364e-37 0.24248E-037 0.86648E-036
0.26300E+001 4.08027e-36 0.23314E-036 0.79274E-035
0.26650E+001 3.6258e-35 0.21740E-035 0.70342E-034
0.27000E+001 3.1251e-34 0.19661E-034 0.60536E-033
0.27350E+001 2.61262e-33 0.17245E-033 0.50528E-032
0.27700E+001 2.11855e-32 0.14670E-032 0.40904E-031
0.28050E+001 1.66632e-31 0.12103E-031 0.32116E-030
0.28400E+001 1.27122e-30 0.96841E-031 0.24456E-029
0.28750E+001 9.40676e-30 0.75152E-030 0.18062E-028
0.29100E+001 6.75181e-29 0.56562E-029 0.12938E-027
0.29450E+001 4.70068e-28 0.41287E-028 0.89885E-027
0.29800E+001 3.17439e-27 0.29229E-027 0.60565E-026
0.30150E+001 2.0793e-26 0.20069E-026 0.39579E-025
0.30500E+001 1.32112e-25 0.13364E-025 0.25086E-024
0.30850E+001 8.14204e-25 0.86309E-025 0.15421E-023
0.31200E+001 4.86745e-24 0.54060E-024 0.91943E-023
0.31550E+001 2.82251e-23 0.32841E-023 0.53166E-022
0.31900E+001 1.58759e-22 0.19349E-022 0.29817E-021
0.32250E+001 8.6623e-22 0.11056E-021 0.16219E-020
0.32600E+001 4.58455e-21 0.61270E-021 0.85564E-020
0.32950E+001 2.35365e-20 0.32931E-020 0.43780E-019
0.33300E+001 1.17213e-19 0.17166E-019 0.21726E-018
0.33650E+001 5.66243e-19 0.86786E-019 0.10457E-017
0.34000E+001 2.65342e-18 0.42553E-018 0.48813E-017
0.34350E+001 1.20618e-17 0.20236E-017 0.22100E-016
0.34700E+001 5.31879e-17 0.93328E-017 0.97043E-016
0.35050E+001 2.27518e-16 0.41746E-016 0.41329E-015
0.35400E+001 9.441e-16 0.18110E-015 0.17071E-014
0.35750E+001 3.80043e-15 0.76197E-015 0.68389E-014
0.36100E+001 1.48406e-14 0.31093E-014 0.26572E-013
0.36450E+001 5.62225e-14 0.12305E-013 0.10014E-012
0.36800E+001 2.06611e-13 0.47231E-013 0.36599E-012
0.37150E+001 7.3661e-13 0.17582E-012 0.12974E-011
0.37500E+001 2.54765e-12 0.63479E-012 0.44605E-011
0.37850E+001 8.54835e-12 0.22227E-011 0.14874E-010
0.38200E+001 2.78257e-11 0.75484E-011 0.48103E-010
0.38550E+001 8.7871e-11 0.24862E-010 0.15088E-009
0.38900E+001 2.69218e-10 0.79417E-010 0.45902E-009
0.39250E+001 8.0022e-10 0.24604E-009 0.13544E-008
0.39600E+001 2.30753e-09 0.73926E-009 0.38758E-008
0.39950E+001 6.45565e-09 0.21543E-008 0.10757E-007
0.40300E+001 1.75233e-08 0.60886E-008 0.28958E-007
0.40650E+001 4.61465e-08 0.16689E-007 0.75604E-007
0.41000E+001 1.17909e-07 0.44368E-007 0.19145E-006
0.41350E+001 2.92285e-07 0.11439E-006 0.47018E-006
0.41700E+001 7.03025e-07 0.28605E-006 0.11200E-005
0.42050E+001 1.64052e-06 0.69374E-006 0.25873E-005
0.42400E+001 3.71455e-06 0.16318E-005 0.57973E-005
0.42750E+001 8.1607e-06 0.37224E-005 0.12599E-004
0.43100E+001 1.73948e-05 0.82356E-005 0.26554E-004
0.43450E+001 3.59775e-05 0.17672E-004 0.54283E-004
0.43800E+001 7.22035e-05 0.36777E-004 0.10763E-003
0.44150E+001 0.000140594 0.74228E-004 0.20696E-003
0.44500E+001 0.000265645 0.14530E-003 0.38599E-003
0.44850E+001 0.000487035 0.27586E-003 0.69821E-003
0.45200E+001 0.000866425 0.50795E-003 0.12249E-002
0.45550E+001 0.0014957 0.90709E-003 0.20843E-002
0.45900E+001 0.00250535 0.15710E-002 0.34397E-002
0.46250E+001 0.00407235 0.26390E-002 0.55057E-002
0.46600E+001 0.00642315 0.42993E-002 0.85470E-002
0.46950E+001 0.009831 0.67930E-002 0.12869E-001
0.47300E+001 0.014601 0.10410E-001 0.18792E-001
0.47650E+001 0.0210435 0.15471E-001 0.26616E-001
0.48000E+001 0.029431 0.22300E-001 0.36562E-001
0.48350E+001 0.0399435 0.31175E-001 0.48712E-001
0.48700E+001 0.0526065 0.42268E-001 0.62945E-001
0.49050E+001 0.067234 0.55581E-001 0.78887E-001
0.49400E+001 0.0833865 0.70885E-001 0.95888E-001
0.49750E+001 0.100359 0.87677E-001 0.11304E+000
0.50100E+001 0.11722 0.10518E+000 0.12926E+000
0.50450E+001 0.132855 0.12237E+000 0.14334E+000
0.50800E+001 0.14613 0.13808E+000 0.15418E+000
0.51150E+001 0.155975 0.15111E+000 0.16084E+000
0.51500E+001 0.16156 0.16039E+000 0.16273E+000
0.51850E+001 0.1624 0.16511E+000 0.15969E+000
0.52200E+001 0.15841 0.16484E+000 0.15198E+000
0.52550E+001 0.14995 0.15961E+000 0.14029E+000
0.52900E+001 0.137745 0.14989E+000 0.12560E+000
0.53250E+001 0.122795 0.13652E+000 0.10907E+000
0.53600E+001 0.106227 0.12060E+000 0.91854E-001
0.53950E+001 0.089174 0.10332E+000 0.75028E-001
0.54300E+001 0.0726435 0.85848E-001 0.59439E-001
0.54650E+001 0.057426 0.69181E-001 0.45671E-001
0.55000E+001 0.0440525 0.54070E-001 0.34035E-001
0.55350E+001 0.032793 0.40986E-001 0.24600E-001
0.55700E+001 0.0236885 0.30132E-001 0.17245E-001
0.56050E+001 0.0166045 0.21484E-001 0.11725E-001
0.56400E+001 0.0112945 0.14857E-001 0.77319E-002
0.56750E+001 0.0074546 0.99641E-002 0.49451E-002
0.57100E+001 0.0047744 0.64813E-002 0.30675E-002
0.57450E+001 0.00296715 0.40888E-002 0.18455E-002
0.57800E+001 0.00178935 0.25018E-002 0.10769E-002
0.58150E+001 0.00104703 0.14846E-002 0.60947E-003
0.58500E+001 0.00059447 0.85440E-003 0.33454E-003
0.58850E+001 0.000327505 0.47691E-003 0.17810E-003
0.59200E+001 0.000175071 0.25818E-003 0.91962E-004
0.59550E+001 9.08025e-05 0.13555E-003 0.46055E-004
0.59900E+001 4.57e-05 0.69026E-004 0.22374E-004
0.60250E+001 2.23195e-05 0.34090E-004 0.10549E-004
0.60600E+001 1.05846e-05 0.16329E-004 0.48401E-005
0.60950E+001 4.88805e-06 0.75855E-005 0.21906E-005
0.61300E+001 2.22935e-06 0.34177E-005 0.10410E-005
0.61650E+001 1.06877e-06 0.14935E-005 0.64405E-006
0.62000E+001 6.6204e-07 0.63301E-006 0.69107E-006
0.62350E+001 6.9422e-07 0.26034E-006 0.11281E-005
0.62700E+001 1.09443e-06 0.10406E-006 0.20848E-005
0.63050E+001 1.95757e-06 0.40736E-007 0.38744E-005
0.63400E+001 3.52822e-06 0.16142E-007 0.70403E-005
0.63750E+001 6.22216e-06 0.73269E-008 0.12437E-004
0.64100E+001 1.0671e-05 0.49579E-008 0.21337E-004
0.64450E+001 1.77722e-05 0.54517E-008 0.35539E-004
0.64800E+001 2.87378e-05 0.75775E-008 0.57468E-004
0.65150E+001 4.51155e-05 0.11040E-007 0.90220E-004
0.65500E+001 6.87629e-05 0.15898E-007 0.13751E-003
0.65850E+001 0.000101746 0.22311E-007 0.20347E-003
0.66200E+001 0.00014617 0.30423E-007 0.29231E-003
0.66550E+001 0.000203865 0.40280E-007 0.40769E-003
0.66900E+001 0.000276051 0.51776E-007 0.55205E-003
0.67250E+001 0.000362902 0.64611E-007 0.72574E-003
0.67600E+001 0.000463179 0.78276E-007 0.92628E-003
0.67950E+001 0.000573946 0.92070E-007 0.11478E-002
0.68300E+001 0.000690453 0.10515E-006 0.13808E-002
0.68650E+001 0.000806408 0.11663E-006 0.16127E-002
0.69000E+001 0.000914413 0.12570E-006 0.18287E-002
0.69350E+001 0.00100662 0.13175E-006 0.20131E-002
0.69700E+001 0.00107582 0.13457E-006 0.21515E-002
0.70050E+001 0.00111627 0.13448E-006 0.22324E-002
0.70400E+001 0.00112442 0.13254E-006 0.22487E-002
0.70750E+001 0.00109962 0.13081E-006 0.21991E-002
0.71100E+001 0.00104397 0.13265E-006 0.20878E-002
0.71450E+001 0.000962222 0.14329E-006 0.19243E-002
0.71800E+001 0.000861035 0.17047E-006 0.17219E-002
0.72150E+001 0.000748013 0.22551E-006 0.14958E-002
0.72500E+001 0.000630962 0.32448E-006 0.12616E-002
0.72850E+001 0.000516895 0.48969E-006 0.10333E-002
0.73200E+001 0.000411381 0.75112E-006 0.82201E-003
0.73550E+001 0.000318369 0.11477E-005 0.63559E-003
0.73900E+001 0.000240029 0.17280E-005 0.47833E-003
0.74250E+001 0.00017697 0.25503E-005 0.35139E-003
0.74600E+001 0.000128585 0.36806E-005 0.25349E-003
0.74950E+001 9.34604e-05 0.51908E-005 0.18173E-003
0.75300E+001 6.97571e-05 0.71541E-005 0.13236E-003
0.75650E+001 5.55151e-05 0.96401E-005 0.10139E-003
0.76000E+001 4.8881e-05 0.12710E-004 0.85052E-004
0.76350E+001 4.8213e-05 0.16411E-004 0.80015E-004
0.76700E+001 5.21275e-05 0.20774E-004 0.83481E-004
0.77050E+001 5.94825e-05 0.25810E-004 0.93155E-004
0.77400E+001 6.9336e-05 0.31512E-004 0.10716E-003
0.77750E+001 8.09175e-05 0.37855E-004 0.12398E-003
0.78100E+001 9.35645e-05 0.44799E-004 0.14233E-003
0.78450E+001 0.00010674 0.52291E-004 0.16119E-003
0.78800E+001 0.000120003 0.60265E-004 0.17974E-003
0.79150E+001 0.000133018 0.68646E-004 0.19739E-003
0.79500E+001 0.000145543 0.77346E-004 0.21374E-003
0.79850E+001 0.00015743 0.86270E-004 0.22859E-003
0.80200E+001 0.000168603 0.95315E-004 0.24189E-003
0.80550E+001 0.000179035 0.10438E-003 0.25369E-003
0.80900E+001 0.000188735 0.11336E-003 0.26411E-003
0.81250E+001 0.000197725 0.12219E-003 0.27326E-003
0.81600E+001 0.00020603 0.13081E-003 0.28125E-003
0.81950E+001 0.00021368 0.13919E-003 0.28817E-003
0.82300E+001 0.00022073 0.14734E-003 0.29412E-003
0.82650E+001 0.00022724 0.15529E-003 0.29919E-003
0.83000E+001 0.000233305 0.16308E-003 0.30353E-003
0.83350E+001 0.00023903 0.17073E-003 0.30733E-003
0.83700E+001 0.000244545 0.17827E-003 0.31082E-003
0.84050E+001 0.000249995 0.18574E-003 0.31425E-003
0.84400E+001 0.000255505 0.19315E-003 0.31786E-003
0.84750E+001 0.000261205 0.20056E-003 0.32185E-003
0.85100E+001 0.00026722 0.20804E-003 0.32640E-003
0.85450E+001 0.000273685 0.21574E-003 0.33163E-003
0.85800E+001 0.00028073 0.22385E-003 0.33761E-003
0.86150E+001 0.000288515 0.23261E-003 0.34442E-003
0.86500E+001 0.000297185 0.24227E-003 0.35210E-003
0.86850E+001 0.00030686 0.25304E-003 0.36068E-003
0.87200E+001 0.000317645 0.26509E-003 0.37020E-003
0.87550E+001 0.00032954 0.27844E-003 0.38064E-003
0.87900E+001 0.000342475 0.29299E-003 0.39196E-003
0.88250E+001 0.00035628 0.30850E-003 0.40406E-003
0.88600E+001 0.000370705 0.32463E-003 0.41678E-003
0.88950E+001 0.00038547 0.34099E-003 0.42995E-003
0.89300E+001 0.00040028 0.35718E-003 0.44338E-003
0.89650E+001 0.000414915 0.37290E-003 0.45693E-003
0.90000E+001 0.000429235 0.38796E-003 0.47051E-003
0.90350E+001 0.000443275 0.40237E-003 0.48418E-003
0.90700E+001 0.000457155 0.41626E-003 0.49805E-003
0.91050E+001 0.000471105 0.42988E-003 0.51233E-003
0.91400E+001 0.000485385 0.44352E-003 0.52725E-003
0.91750E+001 0.0005002 0.45744E-003 0.54296E-003
0.92100E+001 0.000515645 0.47178E-003 0.55951E-003
0.92450E+001 0.0005316 0.48648E-003 0.57672E-003
0.92800E+001 0.000547745 0.50130E-003 0.59419E-003
0.93150E+001 0.00056357 0.51581E-003 0.61133E-003
0.93500E+001 0.000578425 0.52947E-003 0.62738E-003
0.93850E+001 0.000591625 0.54171E-003 0.64154E-003
0.94200E+001 0.000602535 0.55199E-003 0.65308E-003
0.94550E+001 0.000610735 0.55998E-003 0.66149E-003
0.94900E+001 0.00061601 0.56551E-003 0.66651E-003
0.95250E+001 0.00061848 0.56871E-003 0.66825E-003
0.95600E+001 0.000618505 0.56991E-003 0.66710E-003
0.95950E+001 0.000616715 0.56964E-003 0.66379E-003
0.96300E+001 0.000613855 0.56855E-003 0.65916E-003
0.96650E+001 0.000610745 0.56733E-003 0.65416E-003
0.97000E+001 0.000608145 0.56661E-003 0.64968E-003
0.97350E+001 0.000606685 0.56694E-003 0.64643E-003
0.97700E+001 0.00060682 0.56869E-003 0.64495E-003
0.98050E+001 0.000608815 0.57210E-003 0.64553E-003
0.98400E+001 0.000612765 0.57728E-003 0.64825E-003
0.98750E+001 0.00061862 0.58422E-003 0.65302E-003
0.99100E+001 0.00062625 0.59285E-003 0.65965E-003
0.99450E+001 0.0006355 0.60309E-003 0.66791E-003
0.99800E+001 0.000646225 0.61486E-003 0.67759E-003
0.10015E+002 0.00065829 0.62808E-003 0.68850E-003
0.10050E+002 0.00067158 0.64266E-003 0.70050E-003
0.10085E+002 0.000686005 0.65850E-003 0.71351E-003
0.10120E+002 0.00070143 0.67545E-003 0.72741E-003
0.10155E+002 0.000717645 0.69322E-003 0.74207E-003
0.10190E+002 0.00073436 0.71145E-003 0.75727E-003
0.10225E+002 0.000751155 0.72961E-003 0.77270E-003
0.10260E+002 0.00076752 0.74710E-003 0.78794E-003
0.10295E+002 0.00078285 0.76323E-003 0.80247E-003
0.10330E+002 0.000796545 0.77735E-003 0.81574E-003
0.10365E+002 0.000808095 0.78895E-003 0.82724E-003
0.10400E+002 0.00081715 0.79771E-003 0.83659E-003
0.10435E+002 0.000823615 0.80364E-003 0.84359E-003
0.10470E+002 0.000827725 0.80709E-003 0.84836E-003
0.10505E+002 0.00083 0.80873E-003 0.85127E-003
0.10540E+002 0.00083125 0.80949E-003 0.85301E-003
0.10575E+002 0.00083243 0.81043E-003 0.85443E-003
0.10610E+002 0.00083453 0.81258E-003 0.85648E-003
0.10645E+002 0.00083843 0.81684E-003 0.86002E-003
0.10680E+002 0.00084477 0.82379E-003 0.86575E-003
0.10715E+002 0.000853875 0.83368E-003 0.87407E-003
0.10750E+002 0.00086572 0.84641E-003 0.88503E-003
0.10785E+002 0.000880015 0.86160E-003 0.89843E-003
0.10820E+002 0.000896235 0.87868E-003 0.91379E-003
0.10855E+002 0.00091376 0.89700E-003 0.93052E-003
0.10890E+002 0.000931975 0.91594E-003 0.94801E-003
0.10925E+002 0.000950345 0.93498E-003 0.96571E-003
0.10960E+002 0.000968495 0.95376E-003 0.98323E-003
0.10995E+002 0.000986165 0.97203E-003 0.10003E-002
0.11030E+002 0.00100323 0.98967E-003 0.10168E-002
0.11065E+002 0.00101965 0.10066E-002 0.10327E-002
0.11100E+002 0.0010354 0.10228E-002 0.10480E-002
0.11135E+002 0.00105055 0.10383E-002 0.10628E-002
0.11170E+002 0.00106495 0.10528E-002 0.10771E-002
0.11205E+002 0.0010786 0.10665E-002 0.10907E-002
0.11240E+002 0.0010913 0.10790E-002 0.11036E-002
0.11275E+002 0.00110315 0.10906E-002 0.11157E-002
0.11310E+002 0.0011139 0.11009E-002 0.11269E-002
0.11345E+002 0.0011237 0.11102E-002 0.11372E-002
0.11380E+002 0.0011325 0.11186E-002 0.11464E-002
0.11415E+002 0.00114035 0.11261E-002 0.11546E-002
0.11450E+002 0.00114755 0.11331E-002 0.11620E-002
0.11485E+002 0.0011543 0.11398E-002 0.11688E-002
0.11520E+002 0.0011608 0.11465E-002 0.11751E-002
0.11555E+002 0.00116735 0.11535E-002 0.11812E-002
0.11590E+002 0.0011744 0.11612E-002 0.11876E-002
0.11625E+002 0.0011822 0.11699E-002 0.11945E-002
0.11660E+002 0.00119105 0.11798E-002 0.12023E-002
0.11695E+002 0.0012012 0.11911E-002 0.12113E-002
0.11730E+002 0.0012128 0.12039E-002 0.12217E-002
0.11765E+002 0.001226 0.12183E-002 0.12337E-002
0.11800E+002 0.0012408 0.12343E-002 0.12473E-002
0.11835E+002 0.0012571 0.12517E-002 0.12625E-002
0.11870E+002 0.0012748 0.12704E-002 0.12792E-002
0.11905E+002 0.00129375 0.12903E-002 0.12972E-002
0.11940E+002 0.0013138 0.13110E-002 0.13166E-002
0.11975E+002 0.00133465 0.13324E-002 0.13369E-002
0.12010E+002 0.00135585 0.13539E-002 0.13578E-002
0.12045E+002 0.001377 0.13751E-002 0.13789E-002
0.12080E+002 0.00139735 0.13951E-002 0.13996E-002
0.12115E+002 0.0014161 0.14131E-002 0.14191E-002
0.12150E+002 0.00143235 0.14282E-002 0.14365E-002
0.12185E+002 0.0014453 0.14396E-002 0.14510E-002
0.12220E+002 0.00145405 0.14466E-002 0.14615E-002
0.12255E+002 0.00145795 0.14485E-002 0.14674E-002
0.12290E+002 0.00145685 0.14455E-002 0.14682E-002
0.12325E+002 0.0014509 0.14378E-002 0.14640E-002
0.12360E+002 0.0014408 0.14263E-002 0.14553E-002
0.12395E+002 0.0014275 0.14122E-002 0.14428E-002
0.12430E+002 0.00141255 0.13970E-002 0.14281E-002
0.12465E+002 0.0013974 0.13823E-002 0.14125E-002
0.12500E+002 0.0013838 0.13698E-002 0.13978E-002
0.12535E+002 0.00137315 0.13607E-002 0.13856E-002
0.12570E+002 0.0013666 0.13560E-002 0.13772E-002
0.12605E+002 0.0013649 0.13563E-002 0.13735E-002
0.12640E+002 0.00136835 0.13618E-002 0.13749E-002
0.12675E+002 0.0013767 0.13720E-002 0.13814E-002
0.12710E+002 0.00138945 0.13862E-002 0.13927E-002
0.12745E+002 0.00140575 0.14035E-002 0.14080E-002
0.12780E+002 0.0014244 0.14228E-002 0.14260E-002
0.12815E+002 0.0014442 0.14426E-002 0.14458E-002
0.12850E+002 0.0014639 0.14620E-002 0.14658E-002
0.12885E+002 0.0014823 0.14796E-002 0.14850E-002
0.12920E+002 0.0014985 0.14948E-002 0.15022E-002
0.12955E+002 0.0015118 0.15069E-002 0.15167E-002
0.12990E+002 0.0015218 0.15157E-002 0.15279E-002
0.13025E+002 0.0015287 0.15215E-002 0.15359E-002
0.13060E+002 0.00153295 0.15250E-002 0.15409E-002
0.13095E+002 0.00153535 0.15271E-002 0.15436E-002
0.13130E+002 0.0015373 0.15292E-002 0.15454E-002
0.13165E+002 0.00154015 0.15329E-002 0.15474E-002
0.13200E+002 0.00154565 0.15398E-002 0.15515E-002
0.13235E+002 0.0015553 0.15515E-002 0.15591E-002
0.13270E+002 0.0015707 0.15695E-002 0.15719E-002
0.13305E+002 0.00159285 0.15945E-002 0.15912E-002
0.13340E+002 0.0016225 0.16272E-002 0.16178E-002
0.13375E+002 0.0016595 0.16671E-002 0.16519E-002
0.13410E+002 0.00170305 0.17131E-002 0.16930E-002
0.13445E+002 0.0017514 0.17631E-002 0.17397E-002
0.13480E+002 0.00180215 0.18144E-002 0.17899E-002
0.13515E+002 0.0018521 0.18636E-002 0.18406E-002
0.13550E+002 0.00189785 0.19073E-002 0.18884E-002
0.13585E+002 0.00193605 0.19422E-002 0.19299E-002
0.13620E+002 0.00196385 0.19657E-002 0.19620E-002
0.13655E+002 0.00197935 0.19764E-002 0.19823E-002
0.13690E+002 0.00198175 0.19739E-002 0.19896E-002
0.13725E+002 0.00197175 0.19594E-002 0.19841E-002
0.13760E+002 0.00195125 0.19354E-002 0.19671E-002
0.13795E+002 0.0019232 0.19051E-002 0.19413E-002
0.13830E+002 0.00189145 0.18726E-002 0.19103E-002
0.13865E+002 0.00185995 0.18419E-002 0.18780E-002
0.13900E+002 0.00183255 0.18166E-002 0.18485E-002
0.13935E+002 0.00181245 0.17997E-002 0.18252E-002
0.13970E+002 0.0018019 0.17931E-002 0.18107E-002
0.14005E+002 0.00180215 0.17975E-002 0.18068E-002
0.14040E+002 0.0018132 0.18125E-002 0.18139E-002
0.14075E+002 0.00183395 0.18367E-002 0.18312E-002
0.14110E+002 0.00186255 0.18679E-002 0.18572E-002
0.14145E+002 0.00189655 0.19036E-002 0.18895E-002
0.14180E+002 0.00193325 0.19409E-002 0.19256E-002
0.14215E+002 0.0019701 0.19774E-002 0.19628E-002
0.14250E+002 0.0020047 0.20109E-002 0.19985E-002
0.14285E+002 0.0020352 0.20397E-002 0.20307E-002
0.14320E+002 0.00206045 0.20628E-002 0.20581E-002
0.14355E+002 0.00207985 0.20800E-002 0.20797E-002
0.14390E+002 0.00209365 0.20917E-002 0.20956E-002
0.14425E+002 0.00210255 0.20988E-002 0.21063E-002
0.14460E+002 0.00210775 0.21027E-002 0.21128E-002
0.14495E+002 0.0021108 0.21050E-002 0.21166E-002
0.14530E+002 0.00211355 0.21076E-002 0.21195E-002
0.14565E+002 0.00211765 0.21122E-002 0.21231E-002
0.14600E+002 0.0021247 0.21202E-002 0.21292E-002
0.14635E+002 0.00213575 0.21325E-002 0.21390E-002
0.14670E+002 0.00215145 0.21496E-002 0.21533E-002
0.14705E+002 0.00217205 0.21717E-002 0.21724E-002
0.14740E+002 0.00219715 0.21981E-002 0.21962E-002
0.14775E+002 0.0022263 0.22284E-002 0.22242E-002
0.14810E+002 0.00225865 0.22616E-002 0.22557E-002
0.14845E+002 0.0022934 0.22971E-002 0.22897E-002
0.14880E+002 0.0023298 0.23340E-002 0.23256E-002
0.14915E+002 0.0023672 0.23718E-002 0.23626E-002
0.14950E+002 0.0024049 0.24096E-002 0.24002E-002
0.14985E+002 0.0024421 0.24467E-002 0.24375E-002
0.15020E+002 0.0024779 0.24820E-002 0.24738E-002
0.15055E+002 0.0025111 0.25142E-002 0.25080E-002
0.15090E+002 0.00254025 0.25418E-002 0.25387E-002
0.15125E+002 0.00256395 0.25634E-002 0.25645E-002
0.15160E+002 0.0025809 0.25777E-002 0.25841E-002
0.15195E+002 0.00259015 0.25840E-002 0.25963E-002
0.15230E+002 0.00259125 0.25820E-002 0.26005E-002
0.15265E+002 0.00258435 0.25721E-002 0.25966E-002
0.15300E+002 0.0025703 0.25554E-002 0.25852E-002
0.15335E+002 0.00255045 0.25334E-002 0.25675E-002
0.15370E+002 0.00252635 0.25077E-002 0.25450E-002
0.15405E+002 0.00249995 0.24804E-002 0.25195E-002
0.15440E+002 0.002473 0.24531E-002 0.24929E-002
0.15475E+002 0.00244735 0.24277E-002 0.24670E-002
0.15510E+002 0.0024246 0.24057E-002 0.24435E-002
0.15545E+002 0.0024061 0.23885E-002 0.24237E-002
0.15580E+002 0.0023934 0.23776E-002 0.24092E-002
0.15615E+002 0.0023878 0.23743E-002 0.24013E-002
0.15650E+002 0.00239065 0.23800E-002 0.24013E-002
0.15685E+002 0.0024031 0.23957E-002 0.24105E-002
0.15720E+002 0.00242595 0.24221E-002 0.24298E-002
0.15755E+002 0.00245965 0.24593E-002 0.24600E-002
0.15790E+002 0.00250365 0.25065E-002 0.25008E-002
0.15825E+002 0.0025568 0.25622E-002 0.25514E-002
0.15860E+002 0.0026167 0.26236E-002 0.26098E-002
0.15895E+002 0.00268025 0.26872E-002 0.26733E-002
0.15930E+002 0.0027437 0.27492E-002 0.27382E-002
0.15965E+002 0.00280295 0.28054E-002 0.28005E-002
0.16000E+002 0.0028541 0.28521E-002 0.28561E-002
0.16035E+002 0.0028941 0.28866E-002 0.29016E-002
0.16070E+002 0.00292045 0.29069E-002 0.29340E-002
0.16105E+002 0.00293225 0.29125E-002 0.29520E-002
0.16140E+002 0.00292965 0.29042E-002 0.29551E-002
0.16175E+002 0.00291405 0.28837E-002 0.29444E-002
0.16210E+002 0.0028877 0.28535E-002 0.29219E-002
0.16245E+002 0.0028532 0.28164E-002 0.28900E-002
0.16280E+002 0.00281335 0.27750E-002 0.28517E-002
0.16315E+002 0.0027708 0.27319E-002 0.28097E-002
0.16350E+002 0.0027276 0.26889E-002 0.27663E-002
0.16385E+002 0.00268545 0.26474E-002 0.27235E-002
0.16420E+002 0.00264555 0.26086E-002 0.26825E-002
0.16455E+002 0.0026088 0.25731E-002 0.26445E-002
0.16490E+002 0.00257585 0.25416E-002 0.26101E-002
0.16525E+002 0.0025476 0.25150E-002 0.25802E-002
0.16560E+002 0.0025248 0.24941E-002 0.25555E-002
0.16595E+002 0.00250845 0.24799E-002 0.25370E-002
0.16630E+002 0.0024996 0.24735E-002 0.25257E-002
0.16665E+002 0.0024991 0.24755E-002 0.25227E-002
0.16700E+002 0.0025075 0.24864E-002 0.25286E-002
0.16735E+002 0.0025248 0.25060E-002 0.25436E-002
0.16770E+002 0.0025504 0.25334E-002 0.25674E-002
0.16805E+002 0.002583 0.25672E-002 0.25988E-002
0.16840E+002 0.0026207 0.26052E-002 0.26362E-002
0.16875E+002 0.00266115 0.26451E-002 0.26772E-002
0.16910E+002 0.002702 0.26845E-002 0.27195E-002
0.16945E+002 0.00274085 0.27212E-002 0.27605E-002
0.16980E+002 0.00277585 0.27535E-002 0.27982E-002
0.17015E+002 0.0028057 0.27804E-002 0.28310E-002
0.17050E+002 0.0028299 0.28016E-002 0.28582E-002
0.17085E+002 0.0028485 0.28173E-002 0.28797E-002
0.17120E+002 0.00286235 0.28287E-002 0.28960E-002
0.17155E+002 0.00287265 0.28369E-002 0.29084E-002
0.17190E+002 0.00288105 0.28437E-002 0.29184E-002
0.17225E+002 0.00288925 0.28507E-002 0.29278E-002
0.17260E+002 0.0028991 0.28599E-002 0.29383E-002
0.17295E+002 0.0029123 0.28728E-002 0.29518E-002
0.17330E+002 0.00293065 0.28912E-002 0.29701E-002
0.17365E+002 0.00295565 0.29166E-002 0.29947E-002
0.17400E+002 0.00298855 0.29501E-002 0.30270E-002
0.17435E+002 0.0030303 0.29926E-002 0.30680E-002
0.17470E+002 0.00308155 0.30446E-002 0.31185E-002
0.17505E+002 0.00314235 0.31060E-002 0.31787E-002
0.17540E+002 0.00321215 0.31761E-002 0.32482E-002
0.17575E+002 0.0032899 0.32536E-002 0.33262E-002
0.17610E+002 0.0033737 0.33364E-002 0.34110E-002
0.17645E+002 0.00346125 0.34220E-002 0.35005E-002
0.17680E+002 0.0035497 0.35075E-002 0.35919E-002
0.17715E+002 0.00363615 0.35899E-002 0.36824E-002
0.17750E+002 0.00371755 0.36662E-002 0.37689E-002
0.17785E+002 0.00379155 0.37342E-002 0.38489E-002
0.17820E+002 0.0038561 0.37921E-002 0.39201E-002
0.17855E+002 0.00391015 0.38392E-002 0.39811E-002
0.17890E+002 0.0039536 0.38757E-002 0.40315E-002
0.17925E+002 0.00398735 0.39029E-002 0.40718E-002
0.17960E+002 0.00401335 0.39231E-002 0.41036E-002
0.17995E+002 0.00403415 0.39390E-002 0.41293E-002
0.18030E+002 0.00405295 0.39541E-002 0.41518E-002
0.18065E+002 0.00407335 0.39719E-002 0.41748E-002
0.18100E+002 0.0040988 0.39959E-002 0.42017E-002
0.18135E+002 0.0041325 0.40290E-002 0.42360E-002
0.18170E+002 0.0041776 0.40741E-002 0.42811E-002
0.18205E+002 0.00423645 0.41334E-002 0.43395E-002
0.18240E+002 0.004311 0.42084E-002 0.44136E-002
0.18275E+002 0.0044028 0.43005E-002 0.45051E-002
0.18310E+002 0.00451295 0.44106E-002 0.46153E-002
0.18345E+002 0.00464205 0.45390E-002 0.47451E-002
0.18380E+002 0.00479015 0.46858E-002 0.48945E-002
0.18415E+002 0.00495655 0.48501E-002 0.50630E-002
0.18450E+002 0.0051398 0.50303E-002 0.52493E-002
0.18485E+002 0.00533765 0.52242E-002 0.54511E-002
0.18520E+002 0.0055467 0.54283E-002 0.56651E-002
0.18555E+002 0.00576295 0.56387E-002 0.58872E-002
0.18590E+002 0.00598205 0.58511E-002 0.61130E-002
0.18625E+002 0.0061999 0.60616E-002 0.63382E-002
0.18660E+002 0.00641285 0.62669E-002 0.65588E-002
0.18695E+002 0.0066189 0.64652E-002 0.67726E-002
0.18730E+002 0.0068177 0.66567E-002 0.69787E-002
0.18765E+002 0.00701095 0.68434E-002 0.71785E-002
0.18800E+002 0.0072025 0.70295E-002 0.73755E-002
0.18835E+002 0.0073981 0.72211E-002 0.75751E-002
0.18870E+002 0.00760505 0.74258E-002 0.77843E-002
0.18905E+002 0.0078317 0.76520E-002 0.80114E-002
0.18940E+002 0.00808665 0.79085E-002 0.82648E-002
0.18975E+002 0.0083783 0.82035E-002 0.85531E-002
0.19010E+002 0.0087136 0.85436E-002 0.88836E-002
0.19045E+002 0.00909755 0.89334E-002 0.92617E-002
0.19080E+002 0.0095317 0.93737E-002 0.96897E-002
0.19115E+002 0.0100138 0.98615E-002 0.10166E-001
0.19150E+002 0.010537 0.10389E-001 0.10685E-001
0.19185E+002 0.011089 0.10943E-001 0.11235E-001
0.19220E+002 0.0116525 0.11506E-001 0.11799E-001
0.19255E+002 0.012207 0.12058E-001 0.12356E-001
0.19290E+002 0.0127295 0.12575E-001 0.12884E-001
0.19325E+002 0.0131965 0.13035E-001 0.13358E-001
0.19360E+002 0.0135855 0.13417E-001 0.13754E-001
0.19395E+002 0.01388 0.13706E-001 0.14054E-001
0.19430E+002 0.0140675 0.13891E-001 0.14244E-001
0.19465E+002 0.0141455 0.13971E-001 0.14320E-001
0.19500E+002 0.014116 0.13949E-001 0.14283E-001
0.19535E+002 0.0139905 0.13837E-001 0.14144E-001
0.19570E+002 0.0137825 0.13648E-001 0.13917E-001
0.19605E+002 0.0135115 0.13400E-001 0.13623E-001
0.19640E+002 0.013196 0.13111E-001 0.13281E-001
0.19675E+002 0.012853 0.12795E-001 0.12911E-001
0.19710E+002 0.0124955 0.12463E-001 0.12528E-001
0.19745E+002 0.0121325 0.12123E-001 0.12142E-001
0.19780E+002 0.0117675 0.11776E-001 0.11759E-001
0.19815E+002 0.011401 0.11422E-001 0.11380E-001
0.19850E+002 0.011029 0.11057E-001 0.11001E-001
0.19885E+002 0.010647 0.10676E-001 0.10618E-001
0.19920E+002 0.0102505 0.10277E-001 0.10224E-001
0.19955E+002 0.00983655 0.98567E-002 0.98164E-002
0.19990E+002 0.00940335 0.94148E-002 0.93919E-002
0.20025E+002 0.00895205 0.89533E-002 0.89508E-002
0.20060E+002 0.0084861 0.84766E-002 0.84956E-002
0.20095E+002 0.0080107 0.79905E-002 0.80309E-002
0.20130E+002 0.00753275 0.75025E-002 0.75630E-002
0.20165E+002 0.0070598 0.70205E-002 0.70991E-002
0.20200E+002 0.00659995 0.65531E-002 0.66468E-002
0.20235E+002 0.00616075 0.61080E-002 0.62135E-002
0.20270E+002 0.00574905 0.56923E-002 0.58058E-002
0.20305E+002 0.0053703 0.53116E-002 0.54290E-002
0.20340E+002 0.00502835 0.49697E-002 0.50870E-002
0.20375E+002 0.0047251 0.46682E-002 0.47820E-002
0.20410E+002 0.00446055 0.44069E-002 0.45142E-002
0.20445E+002 0.00423305 0.41836E-002 0.42825E-002
0.20480E+002 0.0040396 0.39950E-002 0.40842E-002
0.20515E+002 0.0038761 0.38365E-002 0.39157E-002
0.20550E+002 0.00373835 0.37036E-002 0.37731E-002
0.20585E+002 0.0036219 0.35915E-002 0.36523E-002
0.20620E+002 0.00352265 0.34960E-002 0.35493E-002
0.20655E+002 0.00343715 0.34135E-002 0.34608E-002
0.20690E+002 0.0033623 0.33408E-002 0.33838E-002
0.20725E+002 0.00329515 0.32749E-002 0.33154E-002
0.20760E+002 0.003233 0.32130E-002 0.32530E-002
0.20795E+002 0.00317315 0.31524E-002 0.31939E-002
0.20830E+002 0.00311315 0.30906E-002 0.31357E-002
0.20865E+002 0.0030504 0.30253E-002 0.30755E-002
0.20900E+002 0.00298305 0.29548E-002 0.30113E-002
0.20935E+002 0.00290985 0.28783E-002 0.29414E-002
0.20970E+002 0.00283045 0.27959E-002 0.28650E-002
0.21005E+002 0.00274585 0.27090E-002 0.27827E-002
0.21040E+002 0.0026578 0.26197E-002 0.26959E-002
0.21075E+002 0.00256905 0.25310E-002 0.26071E-002
0.21110E+002 0.0024825 0.24458E-002 0.25192E-002
0.21145E+002 0.0024007 0.23664E-002 0.24350E-002
0.21180E+002 0.002326 0.22948E-002 0.23572E-002
0.21215E+002 0.00225935 0.22315E-002 0.22872E-002
0.21250E+002 0.002201 0.21762E-002 0.22258E-002
0.21285E+002 0.00215005 0.21277E-002 0.21724E-002
0.21320E+002 0.00210515 0.20844E-002 0.21259E-002
0.21355E+002 0.0020647 0.20446E-002 0.20848E-002
0.21390E+002 0.00202725 0.20070E-002 0.20475E-002
0.21425E+002 0.0019921 0.19712E-002 0.20130E-002
0.21460E+002 0.001959 0.19372E-002 0.19808E-002
0.21495E+002 0.00192875 0.19062E-002 0.19513E-002
0.21530E+002 0.00190245 0.18796E-002 0.19253E-002
0.21565E+002 0.0018818 0.18592E-002 0.19044E-002
0.21600E+002 0.0018683 0.18467E-002 0.18899E-002
0.21635E+002 0.0018631 0.18431E-002 0.18831E-002
0.21670E+002 0.0018669 0.18489E-002 0.18849E-002
0.21705E+002 0.0018798 0.18641E-002 0.18955E-002
0.21740E+002 0.001901 0.18876E-002 0.19144E-002
0.21775E+002 0.00192955 0.19182E-002 0.19409E-002
0.21810E+002 0.0019638 0.19541E-002 0.19735E-002
0.21845E+002 0.00200215 0.19936E-002 0.20107E-002
0.21880E+002 0.00204305 0.20350E-002 0.20511E-002
0.21915E+002 0.00208515 0.20769E-002 0.20934E-002
0.21950E+002 0.00212715 0.21181E-002 0.21362E-002
0.21985E+002 0.00216815 0.21576E-002 0.21787E-002
0.22020E+002 0.002207 0.21943E-002 0.22197E-002
0.22055E+002 0.00224275 0.22272E-002 0.22583E-002
0.22090E+002 0.0022741 0.22551E-002 0.22931E-002
0.22125E+002 0.00229975 0.22766E-002 0.23229E-002
0.22160E+002 0.00231825 0.22905E-002 0.23460E-002
0.22195E+002 0.0023283 0.22955E-002 0.23611E-002
0.22230E+002 0.0023291 0.22909E-002 0.23673E-002
0.22265E+002 0.0023206 0.22770E-002 0.23642E-002
0.22300E+002 0.00230355 0.22547E-002 0.23524E-002
0.22335E+002 0.00228005 0.22265E-002 0.23336E-002
0.22370E+002 0.00225305 0.21954E-002 0.23107E-002
0.22405E+002 0.00222635 0.21655E-002 0.22872E-002
0.22440E+002 0.00220415 0.21412E-002 0.22671E-002
0.22475E+002 0.0021904 0.21264E-002 0.22544E-002
0.22510E+002 0.0021886 0.21247E-002 0.22525E-002
0.22545E+002 0.0022009 0.21380E-002 0.22638E-002
0.22580E+002 0.0022282 0.21672E-002 0.22892E-002
0.22615E+002 0.00227 0.22116E-002 0.23284E-002
0.22650E+002 0.0023246 0.22693E-002 0.23799E-002
0.22685E+002 0.00238925 0.23374E-002 0.24411E-002
0.22720E+002 0.0024606 0.24123E-002 0.25089E-002
0.22755E+002 0.00253535 0.24906E-002 0.25801E-002
0.22790E+002 0.00261035 0.25689E-002 0.26518E-002
0.22825E+002 0.0026827 0.26441E-002 0.27213E-002
0.22860E+002 0.00275045 0.27139E-002 0.27870E-002
0.22895E+002 0.0028123 0.27769E-002 0.28477E-002
0.22930E+002 0.00286765 0.28322E-002 0.29031E-002
0.22965E+002 0.00291685 0.28799E-002 0.29538E-002
0.23000E+002 0.002961 0.29209E-002 0.30011E-002
0.23035E+002 0.00300205 0.29573E-002 0.30468E-002
0.23070E+002 0.00304275 0.29917E-002 0.30938E-002
0.23105E+002 0.00308635 0.30276E-002 0.31451E-002
0.23140E+002 0.00313675 0.30691E-002 0.32044E-002
0.23175E+002 0.00319805 0.31205E-002 0.32756E-002
0.23210E+002 0.0032744 0.31861E-002 0.33627E-002
0.23245E+002 0.00336955 0.32700E-002 0.34691E-002
0.23280E+002 0.0034866 0.33753E-002 0.35979E-002
0.23315E+002 0.0036279 0.35044E-002 0.37514E-002
0.23350E+002 0.00379475 0.36584E-002 0.39311E-002
0.23385E+002 0.0039877 0.38376E-002 0.41378E-002
0.23420E+002 0.00420675 0.40416E-002 0.43719E-002
0.23455E+002 0.00445175 0.42699E-002 0.46336E-002
0.23490E+002 0.00472315 0.45228E-002 0.49235E-002
0.23525E+002 0.00502215 0.48017E-002 0.52426E-002
0.23560E+002 0.00535125 0.51100E-002 0.55925E-002
0.23595E+002 0.00571405 0.54530E-002 0.59751E-002
0.23630E+002 0.00611475 0.58376E-002 0.63919E-002
0.23665E+002 0.00655685 0.62704E-002 0.68433E-002
0.23700E+002 0.00704205 0.67566E-002 0.73275E-002
0.23735E+002 0.00756875 0.72976E-002 0.78399E-002
0.23770E+002 0.0081308 0.78888E-002 0.83728E-002
0.23805E+002 0.00871715 0.85190E-002 0.89153E-002
0.23840E+002 0.0093122 0.91696E-002 0.94548E-002
0.23875E+002 0.00989765 0.98173E-002 0.99780E-002
0.23910E+002 0.010454 0.10436E-001 0.10472E-001
0.23945E+002 0.010966 0.11003E-001 0.10929E-001
0.23980E+002 0.01142 0.11499E-001 0.11341E-001
0.24015E+002 0.0118125 0.11918E-001 0.11707E-001
0.24050E+002 0.012145 0.12262E-001 0.12028E-001
0.24085E+002 0.0124265 0.12545E-001 0.12308E-001
0.24120E+002 0.012669 0.12789E-001 0.12549E-001
0.24155E+002 0.0128855 0.13015E-001 0.12756E-001
0.24190E+002 0.013085 0.13243E-001 0.12927E-001
0.24225E+002 0.013272 0.13483E-001 0.13061E-001
0.24260E+002 0.0134425 0.13731E-001 0.13154E-001
0.24295E+002 0.013585 0.13970E-001 0.13200E-001
0.24330E+002 0.0136835 0.14173E-001 0.13194E-001
0.24365E+002 0.0137195 0.14307E-001 0.13132E-001
0.24400E+002 0.0136745 0.14337E-001 0.13012E-001
0.24435E+002 0.013537 0.14238E-001 0.12836E-001
0.24470E+002 0.0133015 0.13995E-001 0.12608E-001
0.24505E+002 0.0129725 0.13609E-001 0.12336E-001
0.24540E+002 0.012561 0.13094E-001 0.12028E-001
0.24575E+002 0.012087 0.12480E-001 0.11694E-001
0.24610E+002 0.0115735 0.11803E-001 0.11344E-001
0.24645E+002 0.0110435 0.11101E-001 0.10986E-001
0.24680E+002 0.010519 0.10410E-001 0.10628E-001
0.24715E+002 0.010017 0.97590E-002 0.10275E-001
0.24750E+002 0.0095497 0.91681E-002 0.99313E-002
0.24785E+002 0.0091221 0.86466E-002 0.95976E-002
0.24820E+002 0.008735 0.81953E-002 0.92747E-002
0.24855E+002 0.0083861 0.78091E-002 0.89631E-002
0.24890E+002 0.0080712 0.74792E-002 0.86632E-002
0.24925E+002 0.0077862 0.71962E-002 0.83762E-002
0.24960E+002 0.007528 0.69516E-002 0.81044E-002
0.24995E+002 0.0072948 0.67392E-002 0.78504E-002
0.25030E+002 0.00708565 0.65544E-002 0.76169E-002
0.25065E+002 0.0069 0.63943E-002 0.74057E-002
0.25100E+002 0.00673655 0.62560E-002 0.72171E-002
0.25135E+002 0.00659285 0.61364E-002 0.70493E-002
0.25170E+002 0.0064648 0.60311E-002 0.68985E-002
0.25205E+002 0.006347 0.59350E-002 0.67590E-002
0.25240E+002 0.00623335 0.58422E-002 0.66245E-002
0.25275E+002 0.006118 0.57473E-002 0.64887E-002
0.25310E+002 0.0059961 0.56459E-002 0.63463E-002
0.25345E+002 0.0058647 0.55355E-002 0.61939E-002
0.25380E+002 0.0057229 0.54154E-002 0.60304E-002
0.25415E+002 0.0055723 0.52874E-002 0.58572E-002
0.25450E+002 0.0054161 0.51548E-002 0.56774E-002
0.25485E+002 0.00525895 0.50221E-002 0.54958E-002
0.25520E+002 0.00510595 0.48942E-002 0.53177E-002
0.25555E+002 0.00496185 0.47755E-002 0.51482E-002
0.25590E+002 0.00483015 0.46688E-002 0.49915E-002
0.25625E+002 0.00471245 0.45751E-002 0.48498E-002
0.25660E+002 0.0046083 0.44931E-002 0.47235E-002
0.25695E+002 0.00451505 0.44190E-002 0.46111E-002
0.25730E+002 0.00442805 0.43473E-002 0.45088E-002
0.25765E+002 0.00434175 0.42718E-002 0.44117E-002
0.25800E+002 0.00425005 0.41857E-002 0.43144E-002
0.25835E+002 0.00414775 0.40839E-002 0.42116E-002
0.25870E+002 0.00403105 0.39630E-002 0.40991E-002
0.25905E+002 0.0038985 0.38223E-002 0.39747E-002
0.25940E+002 0.0037512 0.36642E-002 0.38382E-002
0.25975E+002 0.0035926 0.34936E-002 0.36916E-002
0.26010E+002 0.0034282 0.33175E-002 0.35389E-002
0.26045E+002 0.00326445 0.31438E-002 0.33851E-002
0.26080E+002 0.0031083 0.29804E-002 0.32362E-002
0.26115E+002 0.0029655 0.28337E-002 0.30973E-002
0.26150E+002 0.00284055 0.27083E-002 0.29728E-002
0.26185E+002 0.0027356 0.26061E-002 0.28651E-002
0.26220E+002 0.00265035 0.25262E-002 0.27745E-002
0.26255E+002 0.0025823 0.24651E-002 0.26995E-002
0.26290E+002 0.0025271 0.24177E-002 0.26365E-002
0.26325E+002 0.0024794 0.23777E-002 0.25811E-002
0.26360E+002 0.0024336 0.23389E-002 0.25283E-002
0.26395E+002 0.0023847 0.22959E-002 0.24735E-002
0.26430E+002 0.0023289 0.22447E-002 0.24131E-002
0.26465E+002 0.0022642 0.21834E-002 0.23450E-002
0.26500E+002 0.0021905 0.21118E-002 0.22692E-002
0.26535E+002 0.0021094 0.20319E-002 0.21869E-002
0.26570E+002 0.00202415 0.19468E-002 0.21015E-002
0.26605E+002 0.00193925 0.18610E-002 0.20175E-002
0.26640E+002 0.0018605 0.17800E-002 0.19410E-002
0.26675E+002 0.0017948 0.17099E-002 0.18797E-002
0.26710E+002 0.00175065 0.16582E-002 0.18431E-002
0.26745E+002 0.0017387 0.16341E-002 0.18433E-002
0.26780E+002 0.00177215 0.16489E-002 0.18954E-002
0.26815E+002 0.00186825 0.17176E-002 0.20189E-002
0.26850E+002 0.0020483 0.18588E-002 0.22378E-002
0.26885E+002 0.002339 0.20965E-002 0.25815E-002
0.26920E+002 0.0027723 0.24602E-002 0.30844E-002
0.26955E+002 0.00338495 0.29848E-002 0.37851E-002
0.26990E+002 0.00421735 0.37101E-002 0.47246E-002
0.27025E+002 0.0053112 0.46793E-002 0.59431E-002
0.27060E+002 0.0067054 0.59353E-002 0.74755E-002
0.27095E+002 0.00843125 0.75164E-002 0.93461E-002
0.27130E+002 0.0105061 0.94503E-002 0.11562E-001
0.27165E+002 0.012928 0.11747E-001 0.14109E-001
0.27200E+002 0.015669 0.14394E-001 0.16944E-001
0.27235E+002 0.018672 0.17347E-001 0.19997E-001
0.27270E+002 0.021854 0.20534E-001 0.23174E-001
0.27305E+002 0.025109 0.23856E-001 0.26362E-001
0.27340E+002 0.028316 0.27191E-001 0.29441E-001
0.27375E+002 0.0313545 0.30413E-001 0.32296E-001
0.27410E+002 0.034115 0.33399E-001 0.34831E-001
0.27445E+002 0.036512 0.36051E-001 0.36973E-001
0.27480E+002 0.0384895 0.38297E-001 0.38682E-001
0.27515E+002 0.0400235 0.40103E-001 0.39944E-001
0.27550E+002 0.0411135 0.41464E-001 0.40763E-001
0.27585E+002 0.041775 0.42395E-001 0.41155E-001
0.27620E+002 0.042026 0.42919E-001 0.41133E-001
0.27655E+002 0.0418785 0.43053E-001 0.40704E-001
0.27690E+002 0.0413315 0.42797E-001 0.39866E-001
0.27725E+002 0.0403755 0.42136E-001 0.38615E-001
0.27760E+002 0.0390005 0.41044E-001 0.36957E-001
0.27795E+002 0.037205 0.39497E-001 0.34913E-001
0.27830E+002 0.0350115 0.37492E-001 0.32531E-001
0.27865E+002 0.032476 0.35058E-001 0.29894E-001
0.27900E+002 0.0296855 0.32262E-001 0.27109E-001
0.27935E+002 0.0267605 0.29217E-001 0.24304E-001
0.27970E+002 0.02384 0.26066E-001 0.21614E-001
0.28005E+002 0.021067 0.22972E-001 0.19162E-001
0.28040E+002 0.0185715 0.20095E-001 0.17048E-001
0.28075E+002 0.0164555 0.17577E-001 0.15334E-001
0.28110E+002 0.014781 0.15519E-001 0.14043E-001
0.28145E+002 0.0135655 0.13978E-001 0.13153E-001
0.28180E+002 0.0127815 0.12956E-001 0.12607E-001
0.28215E+002 0.0123625 0.12405E-001 0.12320E-001
0.28250E+002 0.012214 0.12237E-001 0.12191E-001
0.28285E+002 0.0122255 0.12332E-001 0.12119E-001
0.28320E+002 0.0122855 0.12560E-001 0.12011E-001
0.28355E+002 0.012295 0.12793E-001 0.11797E-001
0.28390E+002 0.012176 0.12920E-001 0.11432E-001
0.28425E+002 0.011879 0.12859E-001 0.10899E-001
0.28460E+002 0.0113835 0.12560E-001 0.10207E-001
0.28495E+002 0.0106997 0.12013E-001 0.93864E-002
0.28530E+002 0.00985985 0.11238E-001 0.84817E-002
0.28565E+002 0.00891095 0.10280E-001 0.75419E-002
0.28600E+002 0.00790835 0.92019E-002 0.66148E-002
0.28635E+002 0.00690485 0.80697E-002 0.57400E-002
0.28670E+002 0.00594655 0.69467E-002 0.49464E-002
0.28705E+002 0.0050682 0.58859E-002 0.42505E-002
0.28740E+002 0.0042916 0.49258E-002 0.36574E-002
0.28775E+002 0.00362645 0.40898E-002 0.31631E-002
0.28810E+002 0.00307255 0.33875E-002 0.27576E-002
0.28845E+002 0.0026226 0.28172E-002 0.24280E-002
0.28880E+002 0.0022651 0.23694E-002 0.21608E-002
0.28915E+002 0.001987 0.20303E-002 0.19437E-002
0.28950E+002 0.0017759 0.17843E-002 0.17675E-002
0.28985E+002 0.00162045 0.16158E-002 0.16251E-002
0.29020E+002 0.00151145 0.15103E-002 0.15126E-002
0.29055E+002 0.00144125 0.14548E-002 0.14277E-002
0.29090E+002 0.00140335 0.14375E-002 0.13692E-002
0.29125E+002 0.00139205 0.14479E-002 0.13362E-002
0.29160E+002 0.0014016 0.14760E-002 0.13272E-002
0.29195E+002 0.0014265 0.15130E-002 0.13400E-002
0.29230E+002 0.00146075 0.15507E-002 0.13708E-002
0.29265E+002 0.00149855 0.15823E-002 0.14148E-002
0.29300E+002 0.00153435 0.16025E-002 0.14662E-002
0.29335E+002 0.0015635 0.16081E-002 0.15189E-002
0.29370E+002 0.00158245 0.15981E-002 0.15668E-002
0.29405E+002 0.0015895 0.15739E-002 0.16051E-002
0.29440E+002 0.0015846 0.15389E-002 0.16303E-002
0.29475E+002 0.00156955 0.14984E-002 0.16407E-002
0.29510E+002 0.0015479 0.14587E-002 0.16371E-002
0.29545E+002 0.0015243 0.14265E-002 0.16221E-002
0.29580E+002 0.00150395 0.14080E-002 0.15999E-002
0.29615E+002 0.00149225 0.14083E-002 0.15762E-002
0.29650E+002 0.0014937 0.14306E-002 0.15568E-002
0.29685E+002 0.0015115 0.14756E-002 0.15474E-002
0.29720E+002 0.00154715 0.15416E-002 0.15527E-002
0.29755E+002 0.00160015 0.16247E-002 0.15756E-002
0.29790E+002 0.0016681 0.17190E-002 0.16172E-002
0.29825E+002 0.0017466 0.18172E-002 0.16760E-002
0.29860E+002 0.0018303 0.19119E-002 0.17487E-002
0.29895E+002 0.0019131 0.19961E-002 0.18301E-002
0.29930E+002 0.00198885 0.20639E-002 0.19138E-002
0.29965E+002 0.00205245 0.21118E-002 0.19931E-002
