# 0 Applied
-0.50000E+001 0 0.00000E+000
-0.49650E+001 0 0.00000E+000
-0.49300E+001 0 0.00000E+000
-0.48950E+001 0 0.00000E+000
-0.48600E+001 0 0.00000E+000
-0.48250E+001 0 0.00000E+000
-0.47900E+001 0 0.00000E+000
-0.47550E+001 0 0.00000E+000
-0.47200E+001 0 0.00000E+000
-0.46850E+001 0 0.00000E+000
-0.46500E+001 0 0.00000E+000
-0.46150E+001 0 0.00000E+000
-0.45800E+001 0 0.00000E+000
-0.45450E+001 0 0.00000E+000
-0.45100E+001 0 0.00000E+000
-0.44750E+001 0 0.00000E+000
-0.44400E+001 0 0.00000E+000
-0.44050E+001 0 0.00000E+000
-0.43700E+001 0 0.00000E+000
-0.43350E+001 0 0.00000E+000
-0.43000E+001 0 0.00000E+000
-0.42650E+001 0 0.00000E+000
-0.42300E+001 0 0.00000E+000
-0.41950E+001 0 0.00000E+000
-0.41600E+001 0 0.00000E+000
-0.41250E+001 0 0.00000E+000
-0.40900E+001 0 0.00000E+000
-0.40550E+001 0 0.00000E+000
-0.40200E+001 0 0.00000E+000
-0.39850E+001 0 0.00000E+000
-0.39500E+001 0 0.00000E+000
-0.39150E+001 0 0.00000E+000
-0.38800E+001 0 0.00000E+000
-0.38450E+001 0 0.00000E+000
-0.38100E+001 0 0.00000E+000
-0.37750E+001 0 0.00000E+000
-0.37400E+001 0 0.00000E+000
-0.37050E+001 0 0.00000E+000
-0.36700E+001 0 0.00000E+000
-0.36350E+001 0 0.00000E+000
-0.36000E+001 0 0.00000E+000
-0.35650E+001 0 0.00000E+000
-0.35300E+001 0 0.00000E+000
-0.34950E+001 0 0.00000E+000
-0.34600E+001 0 0.00000E+000
-0.34250E+001 0 0.00000E+000
-0.33900E+001 0 0.00000E+000
-0.33550E+001 0 0.00000E+000
-0.33200E+001 0 0.00000E+000
-0.32850E+001 0 0.00000E+000
-0.32500E+001 0 0.00000E+000
-0.32150E+001 0 0.00000E+000
-0.31800E+001 0 0.00000E+000
-0.31450E+001 0 0.00000E+000
-0.31100E+001 0 0.00000E+000
-0.30750E+001 0 0.00000E+000
-0.30400E+001 0 0.00000E+000
-0.30050E+001 0 0.00000E+000
-0.29700E+001 0 0.00000E+000
-0.29350E+001 0 0.00000E+000
-0.29000E+001 0 0.00000E+000
-0.28650E+001 0 0.00000E+000
-0.28300E+001 0 0.00000E+000
-0.27950E+001 0 0.00000E+000
-0.27600E+001 0 0.00000E+000
-0.27250E+001 0 0.00000E+000
-0.26900E+001 0 0.00000E+000
-0.26550E+001 0 0.00000E+000
-0.26200E+001 0 0.00000E+000
-0.25850E+001 0 0.00000E+000
-0.25500E+001 0 0.00000E+000
-0.25150E+001 0 0.00000E+000
-0.24800E+001 0 0.00000E+000
-0.24450E+001 0 0.00000E+000
-0.24100E+001 0 0.00000E+000
-0.23750E+001 0 0.00000E+000
-0.23400E+001 0 0.00000E+000
-0.23050E+001 0 0.00000E+000
-0.22700E+001 0 0.00000E+000
-0.22350E+001 0 0.00000E+000
-0.22000E+001 0 0.00000E+000
-0.21650E+001 0 0.00000E+000
-0.21300E+001 0 0.00000E+000
-0.20950E+001 0 0.00000E+000
-0.20600E+001 0 0.00000E+000
-0.20250E+001 0 0.00000E+000
-0.19900E+001 0 0.00000E+000
-0.19550E+001 0 0.00000E+000
-0.19200E+001 0 0.00000E+000
-0.18850E+001 0 0.00000E+000
-0.18500E+001 0 0.00000E+000
-0.18150E+001 0 0.00000E+000
-0.17800E+001 0 0.00000E+000
-0.17450E+001 0 0.00000E+000
-0.17100E+001 0 0.00000E+000
-0.16750E+001 0 0.00000E+000
-0.16400E+001 0 0.00000E+000
-0.16050E+001 0 0.00000E+000
-0.15700E+001 0 0.00000E+000
-0.15350E+001 0 0.00000E+000
-0.15000E+001 0 0.00000E+000
-0.14650E+001 0 0.00000E+000
-0.14300E+001 0 0.00000E+000
-0.13950E+001 0 0.00000E+000
-0.13600E+001 0 0.00000E+000
-0.13250E+001 0 0.00000E+000
-0.12900E+001 0 0.00000E+000
-0.12550E+001 0 0.00000E+000
-0.12200E+001 0 0.00000E+000
-0.11850E+001 0 0.00000E+000
-0.11500E+001 0 0.00000E+000
-0.11150E+001 0 0.00000E+000
-0.10800E+001 0 0.00000E+000
-0.10450E+001 0 0.00000E+000
-0.10100E+001 0 0.00000E+000
-0.97500E+000 0 0.00000E+000
-0.94000E+000 0 0.00000E+000
-0.90500E+000 0 0.00000E+000
-0.87000E+000 0 0.00000E+000
-0.83500E+000 0 0.00000E+000
-0.80000E+000 0 0.00000E+000
-0.76500E+000 0 0.00000E+000
-0.73000E+000 0 0.00000E+000
-0.69500E+000 0 0.00000E+000
-0.66000E+000 0 0.00000E+000
-0.62500E+000 0 0.00000E+000
-0.59000E+000 0 0.00000E+000
-0.55500E+000 0 0.00000E+000
-0.52000E+000 0 0.00000E+000
-0.48500E+000 0 0.00000E+000
-0.45000E+000 0 0.00000E+000
-0.41500E+000 0 0.00000E+000
-0.38000E+000 0 0.00000E+000
-0.34500E+000 8.7136e-305 0.87136E-304
-0.31000E+000 5.8315e-302 0.58315E-301
-0.27500E+000 3.785e-299 0.37850E-298
-0.24000E+000 2.3826e-296 0.23826E-295
-0.20500E+000 1.4547e-293 0.14547E-292
-0.17000E+000 8.6133e-291 0.86133E-290
-0.13500E+000 4.9464e-288 0.49464E-287
-0.10000E+000 2.755e-285 0.27550E-284
-0.65000E-001 1.4882e-282 0.14882E-281
-0.30000E-001 7.7968e-280 0.77968E-279
0.50000E-002 3.9617e-277 0.39617E-276
0.40000E-001 1.9523e-274 0.19523E-273
0.75000E-001 9.3312e-272 0.93312E-271
0.11000E+000 4.3255e-269 0.43255E-268
0.14500E+000 1.9446e-266 0.19446E-265
0.18000E+000 8.4792e-264 0.84792E-263
0.21500E+000 3.5858e-261 0.35858E-260
0.25000E+000 1.4707e-258 0.14707E-257
0.28500E+000 5.8502e-256 0.58502E-255
0.32000E+000 2.257e-253 0.22570E-252
0.35500E+000 8.4449e-251 0.84449E-250
0.39000E+000 3.0646e-248 0.30646E-247
0.42500E+000 1.0786e-245 0.10786E-244
0.46000E+000 3.6819e-243 0.36819E-242
0.49500E+000 1.2189e-240 0.12189E-239
0.53000E+000 3.9139e-238 0.39139E-237
0.56500E+000 1.2188e-235 0.12188E-234
0.60000E+000 3.6812e-233 0.36812E-232
0.63500E+000 1.0783e-230 0.10783E-229
0.67000E+000 3.0635e-228 0.30635E-227
0.70500E+000 8.441e-226 0.84410E-225
0.74000E+000 2.2557e-223 0.22557E-222
0.77500E+000 5.8464e-221 0.58464E-220
0.81000E+000 1.4696e-218 0.14696E-217
0.84500E+000 3.5828e-216 0.35828E-215
0.88000E+000 8.4715e-214 0.84715E-213
0.91500E+000 1.9427e-211 0.19427E-210
0.95000E+000 4.3208e-209 0.43208E-208
0.98500E+000 9.3205e-207 0.93205E-206
0.10200E+001 1.9499e-204 0.19499E-203
0.10550E+001 3.9565e-202 0.39565E-201
0.10900E+001 7.7861e-200 0.77861E-199
0.11250E+001 1.4861e-197 0.14861E-196
0.11600E+001 2.7508e-195 0.27508E-194
0.11950E+001 4.9386e-193 0.49386E-192
0.12300E+001 8.5991e-191 0.85991E-190
0.12650E+001 1.4522e-188 0.14522E-187
0.13000E+001 2.3784e-186 0.23784E-185
0.13350E+001 3.7781e-184 0.37781E-183
0.13700E+001 5.8207e-182 0.58207E-181
0.14050E+001 8.6974e-180 0.86974E-179
0.14400E+001 1.2604e-177 0.12604E-176
0.14750E+001 1.7715e-175 0.17715E-174
0.15100E+001 2.4148e-173 0.24148E-172
0.15450E+001 3.1926e-171 0.31926E-170
0.15800E+001 4.0937e-169 0.40937E-168
0.16150E+001 5.091e-167 0.50910E-166
0.16500E+001 6.1404e-165 0.61404E-164
0.16850E+001 7.1829e-163 0.71829E-162
0.17200E+001 8.1493e-161 0.81493E-160
0.17550E+001 8.9671e-159 0.89671E-158
0.17900E+001 9.5696e-157 0.95696E-156
0.18250E+001 9.9049e-155 0.99049E-154
0.18600E+001 9.943e-153 0.99430E-152
0.18950E+001 9.6805e-151 0.96805E-150
0.19300E+001 9.1409e-149 0.91409E-148
0.19650E+001 8.3713e-147 0.83713E-146
0.20000E+001 7.4355e-145 0.74355E-144
0.20350E+001 6.4053e-143 0.64053E-142
0.20700E+001 5.3516e-141 0.53516E-140
0.21050E+001 4.3365e-139 0.43365E-138
0.21400E+001 3.408e-137 0.34080E-136
0.21750E+001 2.5977e-135 0.25977E-134
0.22100E+001 1.9203e-133 0.19203E-132
0.22450E+001 1.3768e-131 0.13768E-130
0.22800E+001 9.5741e-130 0.95741E-129
0.23150E+001 6.457e-128 0.64570E-127
0.23500E+001 4.2235e-126 0.42235E-125
0.23850E+001 2.6794e-124 0.26794E-123
0.24200E+001 1.6485e-122 0.16485E-121
0.24550E+001 9.8374e-121 0.98374E-120
0.24900E+001 5.6934e-119 0.56934E-118
0.25250E+001 3.1958e-117 0.31958E-116
0.25600E+001 1.7398e-115 0.17398E-114
0.25950E+001 9.1862e-114 0.91862E-113
0.26300E+001 4.7042e-112 0.47042E-111
0.26650E+001 2.3364e-110 0.23364E-109
0.27000E+001 1.1254e-108 0.11254E-107
0.27350E+001 5.2578e-107 0.52578E-106
0.27700E+001 2.3823e-105 0.23823E-104
0.28050E+001 1.0469e-103 0.10469E-102
0.28400E+001 4.4621e-102 0.44621E-101
0.28750E+001 1.8445e-100 0.18445E-099
0.29100E+001 7.3948e-99 0.73948E-098
0.29450E+001 2.8754e-97 0.28754E-096
0.29800E+001 1.0844e-95 0.10844E-094
0.30150E+001 3.9661e-94 0.39661E-093
0.30500E+001 1.4069e-92 0.14069E-091
0.30850E+001 4.8404e-91 0.48404E-090
0.31200E+001 1.6152e-89 0.16152E-088
0.31550E+001 5.2271e-88 0.52271E-087
0.31900E+001 1.6407e-86 0.16407E-085
0.32250E+001 4.9945e-85 0.49945E-084
0.32600E+001 1.4746e-83 0.14746E-082
0.32950E+001 4.2226e-82 0.42226E-081
0.33300E+001 1.1727e-80 0.11727E-079
0.33650E+001 3.1588e-79 0.31588E-078
0.34000E+001 8.252e-78 0.82520E-077
0.34350E+001 2.0908e-76 0.20908E-075
0.34700E+001 5.1378e-75 0.51378E-074
0.35050E+001 1.2245e-73 0.12245E-072
0.35400E+001 2.8305e-72 0.28305E-071
0.35750E+001 6.3455e-71 0.63455E-070
0.36100E+001 1.3797e-69 0.13797E-068
0.36450E+001 2.9095e-68 0.29095E-067
0.36800E+001 5.9508e-67 0.59508E-066
0.37150E+001 1.1804e-65 0.11804E-064
0.37500E+001 2.271e-64 0.22710E-063
0.37850E+001 4.2375e-63 0.42375E-062
0.38200E+001 7.6685e-62 0.76685E-061
0.38550E+001 1.346e-60 0.13460E-059
0.38900E+001 2.2912e-59 0.22912E-058
0.39250E+001 3.7828e-58 0.37828E-057
0.39600E+001 6.0573e-57 0.60573E-056
0.39950E+001 9.407e-56 0.94070E-055
0.40300E+001 1.4169e-54 0.14169E-053
0.40650E+001 2.0699e-53 0.20699E-052
0.41000E+001 2.9327e-52 0.29327E-051
0.41350E+001 4.0299e-51 0.40299E-050
0.41700E+001 5.3708e-50 0.53708E-049
0.42050E+001 6.9423e-49 0.69423E-048
0.42400E+001 8.7032e-48 0.87032E-047
0.42750E+001 1.0582e-46 0.10582E-045
0.43100E+001 1.2479e-45 0.12479E-044
0.43450E+001 1.4272e-44 0.14272E-043
0.43800E+001 1.5831e-43 0.15831E-042
0.44150E+001 1.7032e-42 0.17032E-041
0.44500E+001 1.7772e-41 0.17772E-040
0.44850E+001 1.7985e-40 0.17985E-039
0.45200E+001 1.7652e-39 0.17652E-038
0.45550E+001 1.6803e-38 0.16803E-037
0.45900E+001 1.5514e-37 0.15514E-036
0.46250E+001 1.3891e-36 0.13891E-035
0.46600E+001 1.2064e-35 0.12064E-034
0.46950E+001 1.0161e-34 0.10161E-033
0.47300E+001 8.301e-34 0.83010E-033
0.47650E+001 6.5769e-33 0.65769E-032
0.48000E+001 5.0539e-32 0.50539E-031
0.48350E+001 3.7665e-31 0.37665E-030
0.48700E+001 2.7226e-30 0.27226E-029
0.49050E+001 1.9086e-29 0.19086E-028
0.49400E+001 1.2977e-28 0.12977E-027
0.49750E+001 8.5579e-28 0.85579E-027
0.50100E+001 5.4734e-27 0.54734E-026
0.50450E+001 3.3952e-26 0.33952E-025
0.50800E+001 2.0426e-25 0.20426E-024
0.51150E+001 1.1919e-24 0.11919E-023
0.51500E+001 6.7449e-24 0.67449E-023
0.51850E+001 3.702e-23 0.37020E-022
0.52200E+001 1.9707e-22 0.19707E-021
0.52550E+001 1.0175e-21 0.10175E-020
0.52900E+001 5.0948e-21 0.50948E-020
0.53250E+001 2.4743e-20 0.24743E-019
0.53600E+001 1.1654e-19 0.11654E-018
0.53950E+001 5.324e-19 0.53240E-018
0.54300E+001 2.3589e-18 0.23589E-017
0.54650E+001 1.0137e-17 0.10137E-016
0.55000E+001 4.2246e-17 0.42246E-016
0.55350E+001 1.7077e-16 0.17077E-015
0.55700E+001 6.6947e-16 0.66947E-015
0.56050E+001 2.5455e-15 0.25455E-014
0.56400E+001 9.387e-15 0.93870E-014
0.56750E+001 3.3574e-14 0.33574E-013
0.57100E+001 1.1646e-13 0.11646E-012
0.57450E+001 3.9182e-13 0.39182E-012
0.57800E+001 1.2785e-12 0.12785E-011
0.58150E+001 4.0461e-12 0.40461E-011
0.58500E+001 1.2419e-11 0.12419E-010
0.58850E+001 3.697e-11 0.36970E-010
0.59200E+001 1.0674e-10 0.10674E-009
0.59550E+001 2.9889e-10 0.29889E-009
0.59900E+001 8.1174e-10 0.81174E-009
0.60250E+001 2.1381e-09 0.21381E-008
0.60600E+001 5.4623e-09 0.54623E-008
0.60950E+001 1.3534e-08 0.13534E-007
0.61300E+001 3.2523e-08 0.32523E-007
0.61650E+001 7.58e-08 0.75800E-007
0.62000E+001 1.7134e-07 0.17134E-006
0.62350E+001 3.7564e-07 0.37564E-006
0.62700E+001 7.9873e-07 0.79873E-006
0.63050E+001 1.6472e-06 0.16472E-005
0.63400E+001 3.2945e-06 0.32945E-005
0.63750E+001 6.3909e-06 0.63909E-005
0.64100E+001 1.2024e-05 0.12024E-004
0.64450E+001 2.194e-05 0.21940E-004
0.64800E+001 3.8829e-05 0.38829E-004
0.65150E+001 6.6648e-05 0.66648E-004
0.65500E+001 0.00011095 0.11095E-003
0.65850E+001 0.00017914 0.17914E-003
0.66200E+001 0.00028052 0.28052E-003
0.66550E+001 0.00042605 0.42605E-003
0.66900E+001 0.00062757 0.62757E-003
0.67250E+001 0.00089656 0.89656E-003
0.67600E+001 0.0012423 0.12423E-002
0.67950E+001 0.0016694 0.16694E-002
0.68300E+001 0.0021758 0.21758E-002
0.68650E+001 0.0027505 0.27505E-002
0.69000E+001 0.0033721 0.33721E-002
0.69350E+001 0.0040097 0.40097E-002
0.69700E+001 0.0046241 0.46241E-002
0.70050E+001 0.0051721 0.51721E-002
0.70400E+001 0.0056108 0.56108E-002
0.70750E+001 0.0059032 0.59032E-002
0.71100E+001 0.0060238 0.60238E-002
0.71450E+001 0.0059617 0.59617E-002
0.71800E+001 0.0057225 0.57225E-002
0.72150E+001 0.0053274 0.53274E-002
0.72500E+001 0.0048101 0.48101E-002
0.72850E+001 0.0042122 0.42122E-002
0.73200E+001 0.0035775 0.35775E-002
0.73550E+001 0.0029469 0.29469E-002
0.73900E+001 0.0023544 0.23544E-002
0.74250E+001 0.0018243 0.18243E-002
0.74600E+001 0.001371 0.13710E-002
0.74950E+001 0.00099924 0.99924E-003
0.75300E+001 0.00070637 0.70637E-003
0.75650E+001 0.00048429 0.48429E-003
0.76000E+001 0.00032203 0.32203E-003
0.76350E+001 0.00020769 0.20769E-003
0.76700E+001 0.00012991 0.12991E-003
0.77050E+001 7.8829e-05 0.78829E-004
0.77400E+001 4.6422e-05 0.46422E-004
0.77750E+001 2.6587e-05 0.26587E-004
0.78100E+001 1.4934e-05 0.14934E-004
0.78450E+001 8.4985e-06 0.84985E-005
0.78800E+001 5.4532e-06 0.54532E-005
0.79150E+001 4.883e-06 0.48830E-005
0.79500E+001 6.668e-06 0.66680E-005
0.79850E+001 1.15e-05 0.11500E-004
0.80200E+001 2.1051e-05 0.21051E-004
0.80550E+001 3.8301e-05 0.38301E-004
0.80900E+001 6.8022e-05 0.68022E-004
0.81250E+001 0.00011739 0.11739E-003
0.81600E+001 0.00019663 0.19663E-003
0.81950E+001 0.0003196 0.31960E-003
0.82300E+001 0.00050405 0.50405E-003
0.82650E+001 0.00077134 0.77134E-003
0.83000E+001 0.0011453 0.11453E-002
0.83350E+001 0.0016501 0.16501E-002
0.83700E+001 0.0023068 0.23068E-002
0.84050E+001 0.0031291 0.31291E-002
0.84400E+001 0.0041187 0.41187E-002
0.84750E+001 0.0052603 0.52603E-002
0.85100E+001 0.0065192 0.65192E-002
0.85450E+001 0.0078398 0.78398E-002
0.85800E+001 0.0091484 0.91484E-002
0.86150E+001 0.010359 0.10359E-001
0.86500E+001 0.011382 0.11382E-001
0.86850E+001 0.012136 0.12136E-001
0.87200E+001 0.012557 0.12557E-001
0.87550E+001 0.012608 0.12608E-001
0.87900E+001 0.012284 0.12284E-001
0.88250E+001 0.011615 0.11615E-001
0.88600E+001 0.010658 0.10658E-001
0.88950E+001 0.0094924 0.94924E-002
0.89300E+001 0.0082065 0.82065E-002
0.89650E+001 0.0068891 0.68891E-002
0.90000E+001 0.0056191 0.56191E-002
0.90350E+001 0.0044585 0.44585E-002
0.90700E+001 0.0034497 0.34497E-002
0.91050E+001 0.0026152 0.26152E-002
0.91400E+001 0.00196 0.19600E-002
0.91750E+001 0.0014761 0.14761E-002
0.92100E+001 0.0011466 0.11466E-002
0.92450E+001 0.00094991 0.94991E-003
0.92800E+001 0.00086344 0.86344E-003
0.93150E+001 0.00086529 0.86529E-003
0.93500E+001 0.00093563 0.93563E-003
0.93850E+001 0.001057 0.10570E-002
0.94200E+001 0.001214 0.12140E-002
0.94550E+001 0.0013936 0.13936E-002
0.94900E+001 0.0015838 0.15838E-002
0.95250E+001 0.0017745 0.17745E-002
0.95600E+001 0.0019569 0.19569E-002
0.95950E+001 0.0021235 0.21235E-002
0.96300E+001 0.0022687 0.22687E-002
0.96650E+001 0.0023885 0.23885E-002
0.97000E+001 0.0024806 0.24806E-002
0.97350E+001 0.0025448 0.25448E-002
0.97700E+001 0.0025826 0.25826E-002
0.98050E+001 0.002597 0.25970E-002
0.98400E+001 0.0025924 0.25924E-002
0.98750E+001 0.0025744 0.25744E-002
0.99100E+001 0.0025488 0.25488E-002
0.99450E+001 0.0025215 0.25215E-002
0.99800E+001 0.0024978 0.24978E-002
0.10015E+002 0.0024817 0.24817E-002
0.10050E+002 0.0024758 0.24758E-002
0.10085E+002 0.002481 0.24810E-002
0.10120E+002 0.0024963 0.24963E-002
0.10155E+002 0.0025198 0.25198E-002
0.10190E+002 0.0025484 0.25484E-002
0.10225E+002 0.0025792 0.25792E-002
0.10260E+002 0.0026093 0.26093E-002
0.10295E+002 0.0026368 0.26368E-002
0.10330E+002 0.0026606 0.26606E-002
0.10365E+002 0.0026807 0.26807E-002
0.10400E+002 0.0026975 0.26975E-002
0.10435E+002 0.002712 0.27120E-002
0.10470E+002 0.0027253 0.27253E-002
0.10505E+002 0.0027378 0.27378E-002
0.10540E+002 0.0027499 0.27499E-002
0.10575E+002 0.0027611 0.27611E-002
0.10610E+002 0.0027707 0.27707E-002
0.10645E+002 0.0027773 0.27773E-002
0.10680E+002 0.0027797 0.27797E-002
0.10715E+002 0.0027767 0.27767E-002
0.10750E+002 0.0027673 0.27673E-002
0.10785E+002 0.0027511 0.27511E-002
0.10820E+002 0.002728 0.27280E-002
0.10855E+002 0.0026988 0.26988E-002
0.10890E+002 0.0026645 0.26645E-002
0.10925E+002 0.0026265 0.26265E-002
0.10960E+002 0.0025866 0.25866E-002
0.10995E+002 0.0025464 0.25464E-002
0.11030E+002 0.0025072 0.25072E-002
0.11065E+002 0.00247 0.24700E-002
0.11100E+002 0.0024353 0.24353E-002
0.11135E+002 0.0024031 0.24031E-002
0.11170E+002 0.0023728 0.23728E-002
0.11205E+002 0.0023439 0.23439E-002
0.11240E+002 0.0023156 0.23156E-002
0.11275E+002 0.0022874 0.22874E-002
0.11310E+002 0.002259 0.22590E-002
0.11345E+002 0.0022308 0.22308E-002
0.11380E+002 0.0022034 0.22034E-002
0.11415E+002 0.0021776 0.21776E-002
0.11450E+002 0.0021545 0.21545E-002
0.11485E+002 0.0021354 0.21354E-002
0.11520E+002 0.0021212 0.21212E-002
0.11555E+002 0.0021127 0.21127E-002
0.11590E+002 0.0021102 0.21102E-002
0.11625E+002 0.0021136 0.21136E-002
0.11660E+002 0.0021222 0.21222E-002
0.11695E+002 0.002135 0.21350E-002
0.11730E+002 0.0021504 0.21504E-002
0.11765E+002 0.0021665 0.21665E-002
0.11800E+002 0.0021813 0.21813E-002
0.11835E+002 0.0021929 0.21929E-002
0.11870E+002 0.0021997 0.21997E-002
0.11905E+002 0.0022007 0.22007E-002
0.11940E+002 0.0021957 0.21957E-002
0.11975E+002 0.0021853 0.21853E-002
0.12010E+002 0.0021707 0.21707E-002
0.12045E+002 0.0021538 0.21538E-002
0.12080E+002 0.0021369 0.21369E-002
0.12115E+002 0.0021221 0.21221E-002
0.12150E+002 0.0021114 0.21114E-002
0.12185E+002 0.0021061 0.21061E-002
0.12220E+002 0.0021069 0.21069E-002
0.12255E+002 0.0021135 0.21135E-002
0.12290E+002 0.0021251 0.21251E-002
0.12325E+002 0.00214 0.21400E-002
0.12360E+002 0.0021564 0.21564E-002
0.12395E+002 0.0021722 0.21722E-002
0.12430E+002 0.0021853 0.21853E-002
0.12465E+002 0.002194 0.21940E-002
0.12500E+002 0.0021969 0.21969E-002
0.12535E+002 0.0021931 0.21931E-002
0.12570E+002 0.0021824 0.21824E-002
0.12605E+002 0.0021649 0.21649E-002
0.12640E+002 0.0021409 0.21409E-002
0.12675E+002 0.0021115 0.21115E-002
0.12710E+002 0.0020778 0.20778E-002
0.12745E+002 0.0020415 0.20415E-002
0.12780E+002 0.0020045 0.20045E-002
0.12815E+002 0.0019687 0.19687E-002
0.12850E+002 0.0019365 0.19365E-002
0.12885E+002 0.0019099 0.19099E-002
0.12920E+002 0.0018908 0.18908E-002
0.12955E+002 0.0018807 0.18807E-002
0.12990E+002 0.0018801 0.18801E-002
0.13025E+002 0.001889 0.18890E-002
0.13060E+002 0.0019064 0.19064E-002
0.13095E+002 0.0019304 0.19304E-002
0.13130E+002 0.0019587 0.19587E-002
0.13165E+002 0.0019886 0.19886E-002
0.13200E+002 0.0020174 0.20174E-002
0.13235E+002 0.0020428 0.20428E-002
0.13270E+002 0.002063 0.20630E-002
0.13305E+002 0.0020767 0.20767E-002
0.13340E+002 0.0020838 0.20838E-002
0.13375E+002 0.0020847 0.20847E-002
0.13410E+002 0.0020805 0.20805E-002
0.13445E+002 0.0020725 0.20725E-002
0.13480E+002 0.0020626 0.20626E-002
0.13515E+002 0.0020522 0.20522E-002
0.13550E+002 0.0020427 0.20427E-002
0.13585E+002 0.0020351 0.20351E-002
0.13620E+002 0.0020295 0.20295E-002
0.13655E+002 0.0020257 0.20257E-002
0.13690E+002 0.0020229 0.20229E-002
0.13725E+002 0.0020196 0.20196E-002
0.13760E+002 0.0020143 0.20143E-002
0.13795E+002 0.0020058 0.20058E-002
0.13830E+002 0.0019927 0.19927E-002
0.13865E+002 0.0019747 0.19747E-002
0.13900E+002 0.0019521 0.19521E-002
0.13935E+002 0.0019257 0.19257E-002
0.13970E+002 0.0018974 0.18974E-002
0.14005E+002 0.0018692 0.18692E-002
0.14040E+002 0.001843 0.18430E-002
0.14075E+002 0.0018205 0.18205E-002
0.14110E+002 0.0018029 0.18029E-002
0.14145E+002 0.0017903 0.17903E-002
0.14180E+002 0.0017822 0.17822E-002
0.14215E+002 0.0017773 0.17773E-002
0.14250E+002 0.0017743 0.17743E-002
0.14285E+002 0.0017717 0.17717E-002
0.14320E+002 0.0017684 0.17684E-002
0.14355E+002 0.0017639 0.17639E-002
0.14390E+002 0.0017587 0.17587E-002
0.14425E+002 0.0017534 0.17534E-002
0.14460E+002 0.0017493 0.17493E-002
0.14495E+002 0.0017476 0.17476E-002
0.14530E+002 0.0017494 0.17494E-002
0.14565E+002 0.0017552 0.17552E-002
0.14600E+002 0.0017648 0.17648E-002
0.14635E+002 0.0017774 0.17774E-002
0.14670E+002 0.0017915 0.17915E-002
0.14705E+002 0.0018054 0.18054E-002
0.14740E+002 0.0018174 0.18174E-002
0.14775E+002 0.0018259 0.18259E-002
0.14810E+002 0.00183 0.18300E-002
0.14845E+002 0.0018296 0.18296E-002
0.14880E+002 0.0018252 0.18252E-002
0.14915E+002 0.001818 0.18180E-002
0.14950E+002 0.0018098 0.18098E-002
0.14985E+002 0.0018025 0.18025E-002
0.15020E+002 0.0017979 0.17979E-002
0.15055E+002 0.0017971 0.17971E-002
0.15090E+002 0.0018011 0.18011E-002
0.15125E+002 0.00181 0.18100E-002
0.15160E+002 0.0018234 0.18234E-002
0.15195E+002 0.0018407 0.18407E-002
0.15230E+002 0.0018609 0.18609E-002
0.15265E+002 0.0018831 0.18831E-002
0.15300E+002 0.0019066 0.19066E-002
0.15335E+002 0.0019304 0.19304E-002
0.15370E+002 0.0019538 0.19538E-002
0.15405E+002 0.0019762 0.19762E-002
0.15440E+002 0.0019967 0.19967E-002
0.15475E+002 0.0020144 0.20144E-002
0.15510E+002 0.0020284 0.20284E-002
0.15545E+002 0.0020378 0.20378E-002
0.15580E+002 0.002042 0.20420E-002
0.15615E+002 0.0020405 0.20405E-002
0.15650E+002 0.0020333 0.20333E-002
0.15685E+002 0.0020209 0.20209E-002
0.15720E+002 0.0020039 0.20039E-002
0.15755E+002 0.0019834 0.19834E-002
0.15790E+002 0.0019606 0.19606E-002
0.15825E+002 0.0019363 0.19363E-002
0.15860E+002 0.0019116 0.19116E-002
0.15895E+002 0.0018872 0.18872E-002
0.15930E+002 0.0018635 0.18635E-002
0.15965E+002 0.0018408 0.18408E-002
0.16000E+002 0.0018192 0.18192E-002
0.16035E+002 0.0017986 0.17986E-002
0.16070E+002 0.001779 0.17790E-002
0.16105E+002 0.0017603 0.17603E-002
0.16140E+002 0.0017425 0.17425E-002
0.16175E+002 0.0017257 0.17257E-002
0.16210E+002 0.0017098 0.17098E-002
0.16245E+002 0.001695 0.16950E-002
0.16280E+002 0.0016815 0.16815E-002
0.16315E+002 0.0016698 0.16698E-002
0.16350E+002 0.0016601 0.16601E-002
0.16385E+002 0.001653 0.16530E-002
0.16420E+002 0.001649 0.16490E-002
0.16455E+002 0.0016484 0.16484E-002
0.16490E+002 0.0016515 0.16515E-002
0.16525E+002 0.0016582 0.16582E-002
0.16560E+002 0.0016683 0.16683E-002
0.16595E+002 0.0016811 0.16811E-002
0.16630E+002 0.001696 0.16960E-002
0.16665E+002 0.0017121 0.17121E-002
0.16700E+002 0.0017286 0.17286E-002
0.16735E+002 0.0017448 0.17448E-002
0.16770E+002 0.0017603 0.17603E-002
0.16805E+002 0.0017747 0.17747E-002
0.16840E+002 0.0017882 0.17882E-002
0.16875E+002 0.0018006 0.18006E-002
0.16910E+002 0.0018121 0.18121E-002
0.16945E+002 0.0018226 0.18226E-002
0.16980E+002 0.0018317 0.18317E-002
0.17015E+002 0.0018388 0.18388E-002
0.17050E+002 0.0018431 0.18431E-002
0.17085E+002 0.0018437 0.18437E-002
0.17120E+002 0.0018393 0.18393E-002
0.17155E+002 0.0018291 0.18291E-002
0.17190E+002 0.0018125 0.18125E-002
0.17225E+002 0.0017892 0.17892E-002
0.17260E+002 0.0017597 0.17597E-002
0.17295E+002 0.001725 0.17250E-002
0.17330E+002 0.0016866 0.16866E-002
0.17365E+002 0.0016466 0.16466E-002
0.17400E+002 0.0016072 0.16072E-002
0.17435E+002 0.001571 0.15710E-002
0.17470E+002 0.0015401 0.15401E-002
0.17505E+002 0.0015163 0.15163E-002
0.17540E+002 0.0015007 0.15007E-002
0.17575E+002 0.0014937 0.14937E-002
0.17610E+002 0.0014948 0.14948E-002
0.17645E+002 0.0015027 0.15027E-002
0.17680E+002 0.0015157 0.15157E-002
0.17715E+002 0.0015316 0.15316E-002
0.17750E+002 0.0015482 0.15482E-002
0.17785E+002 0.0015637 0.15637E-002
0.17820E+002 0.0015767 0.15767E-002
0.17855E+002 0.0015867 0.15867E-002
0.17890E+002 0.0015938 0.15938E-002
0.17925E+002 0.0015988 0.15988E-002
0.17960E+002 0.0016029 0.16029E-002
0.17995E+002 0.0016074 0.16074E-002
0.18030E+002 0.0016137 0.16137E-002
0.18065E+002 0.0016228 0.16228E-002
0.18100E+002 0.0016353 0.16353E-002
0.18135E+002 0.0016512 0.16512E-002
0.18170E+002 0.0016704 0.16704E-002
0.18205E+002 0.0016921 0.16921E-002
0.18240E+002 0.0017157 0.17157E-002
0.18275E+002 0.0017404 0.17404E-002
0.18310E+002 0.0017654 0.17654E-002
0.18345E+002 0.0017904 0.17904E-002
0.18380E+002 0.001815 0.18150E-002
0.18415E+002 0.0018389 0.18389E-002
0.18450E+002 0.0018619 0.18619E-002
0.18485E+002 0.0018838 0.18838E-002
0.18520E+002 0.0019041 0.19041E-002
0.18555E+002 0.0019222 0.19222E-002
0.18590E+002 0.0019373 0.19373E-002
0.18625E+002 0.0019485 0.19485E-002
0.18660E+002 0.0019547 0.19547E-002
0.18695E+002 0.001955 0.19550E-002
0.18730E+002 0.0019486 0.19486E-002
0.18765E+002 0.0019348 0.19348E-002
0.18800E+002 0.0019135 0.19135E-002
0.18835E+002 0.0018846 0.18846E-002
0.18870E+002 0.0018485 0.18485E-002
0.18905E+002 0.001806 0.18060E-002
0.18940E+002 0.0017582 0.17582E-002
0.18975E+002 0.0017065 0.17065E-002
0.19010E+002 0.0016523 0.16523E-002
0.19045E+002 0.0015975 0.15975E-002
0.19080E+002 0.0015437 0.15437E-002
0.19115E+002 0.0014925 0.14925E-002
0.19150E+002 0.0014455 0.14455E-002
0.19185E+002 0.001404 0.14040E-002
0.19220E+002 0.001369 0.13690E-002
0.19255E+002 0.0013414 0.13414E-002
0.19290E+002 0.0013215 0.13215E-002
0.19325E+002 0.0013098 0.13098E-002
0.19360E+002 0.0013062 0.13062E-002
0.19395E+002 0.0013108 0.13108E-002
0.19430E+002 0.0013233 0.13233E-002
0.19465E+002 0.0013435 0.13435E-002
0.19500E+002 0.0013707 0.13707E-002
0.19535E+002 0.0014045 0.14045E-002
0.19570E+002 0.0014442 0.14442E-002
0.19605E+002 0.0014886 0.14886E-002
0.19640E+002 0.0015369 0.15369E-002
0.19675E+002 0.0015876 0.15876E-002
0.19710E+002 0.0016394 0.16394E-002
0.19745E+002 0.0016909 0.16909E-002
0.19780E+002 0.0017404 0.17404E-002
0.19815E+002 0.0017866 0.17866E-002
0.19850E+002 0.001828 0.18280E-002
0.19885E+002 0.0018635 0.18635E-002
0.19920E+002 0.001892 0.18920E-002
0.19955E+002 0.0019127 0.19127E-002
0.19990E+002 0.0019251 0.19251E-002
0.20025E+002 0.001929 0.19290E-002
0.20060E+002 0.0019244 0.19244E-002
0.20095E+002 0.0019113 0.19113E-002
0.20130E+002 0.0018904 0.18904E-002
0.20165E+002 0.0018622 0.18622E-002
0.20200E+002 0.0018275 0.18275E-002
0.20235E+002 0.0017874 0.17874E-002
0.20270E+002 0.001743 0.17430E-002
0.20305E+002 0.0016957 0.16957E-002
0.20340E+002 0.0016466 0.16466E-002
0.20375E+002 0.0015974 0.15974E-002
0.20410E+002 0.0015492 0.15492E-002
0.20445E+002 0.0015036 0.15036E-002
0.20480E+002 0.0014617 0.14617E-002
0.20515E+002 0.0014246 0.14246E-002
0.20550E+002 0.0013933 0.13933E-002
0.20585E+002 0.0013685 0.13685E-002
0.20620E+002 0.0013503 0.13503E-002
0.20655E+002 0.0013389 0.13389E-002
0.20690E+002 0.0013337 0.13337E-002
0.20725E+002 0.0013342 0.13342E-002
0.20760E+002 0.0013394 0.13394E-002
0.20795E+002 0.0013482 0.13482E-002
0.20830E+002 0.0013597 0.13597E-002
0.20865E+002 0.0013728 0.13728E-002
0.20900E+002 0.001387 0.13870E-002
0.20935E+002 0.0014017 0.14017E-002
0.20970E+002 0.0014168 0.14168E-002
0.21005E+002 0.0014322 0.14322E-002
0.21040E+002 0.0014479 0.14479E-002
0.21075E+002 0.0014637 0.14637E-002
0.21110E+002 0.0014792 0.14792E-002
0.21145E+002 0.0014936 0.14936E-002
0.21180E+002 0.0015058 0.15058E-002
0.21215E+002 0.0015142 0.15142E-002
0.21250E+002 0.0015175 0.15175E-002
0.21285E+002 0.0015143 0.15143E-002
0.21320E+002 0.0015038 0.15038E-002
0.21355E+002 0.0014859 0.14859E-002
0.21390E+002 0.0014611 0.14611E-002
0.21425E+002 0.0014312 0.14312E-002
0.21460E+002 0.0013983 0.13983E-002
0.21495E+002 0.0013652 0.13652E-002
0.21530E+002 0.0013347 0.13347E-002
0.21565E+002 0.0013096 0.13096E-002
0.21600E+002 0.0012918 0.12918E-002
0.21635E+002 0.0012827 0.12827E-002
0.21670E+002 0.0012828 0.12828E-002
0.21705E+002 0.0012916 0.12916E-002
0.21740E+002 0.0013079 0.13079E-002
0.21775E+002 0.0013301 0.13301E-002
0.21810E+002 0.0013563 0.13563E-002
0.21845E+002 0.0013844 0.13844E-002
0.21880E+002 0.0014128 0.14128E-002
0.21915E+002 0.0014399 0.14399E-002
0.21950E+002 0.0014648 0.14648E-002
0.21985E+002 0.0014868 0.14868E-002
0.22020E+002 0.0015056 0.15056E-002
0.22055E+002 0.0015208 0.15208E-002
0.22090E+002 0.0015323 0.15323E-002
0.22125E+002 0.0015399 0.15399E-002
0.22160E+002 0.001543 0.15430E-002
0.22195E+002 0.0015413 0.15413E-002
0.22230E+002 0.0015343 0.15343E-002
0.22265E+002 0.0015215 0.15215E-002
0.22300E+002 0.0015028 0.15028E-002
0.22335E+002 0.0014783 0.14783E-002
0.22370E+002 0.0014486 0.14486E-002
0.22405E+002 0.0014144 0.14144E-002
0.22440E+002 0.0013771 0.13771E-002
0.22475E+002 0.0013382 0.13382E-002
0.22510E+002 0.0012993 0.12993E-002
0.22545E+002 0.0012622 0.12622E-002
0.22580E+002 0.0012283 0.12283E-002
0.22615E+002 0.0011989 0.11989E-002
0.22650E+002 0.0011746 0.11746E-002
0.22685E+002 0.0011558 0.11558E-002
0.22720E+002 0.0011423 0.11423E-002
0.22755E+002 0.0011336 0.11336E-002
0.22790E+002 0.001129 0.11290E-002
0.22825E+002 0.0011277 0.11277E-002
0.22860E+002 0.0011288 0.11288E-002
0.22895E+002 0.0011318 0.11318E-002
0.22930E+002 0.0011362 0.11362E-002
0.22965E+002 0.0011417 0.11417E-002
0.23000E+002 0.0011485 0.11485E-002
0.23035E+002 0.0011563 0.11563E-002
0.23070E+002 0.0011653 0.11653E-002
0.23105E+002 0.0011754 0.11754E-002
0.23140E+002 0.0011866 0.11866E-002
0.23175E+002 0.0011988 0.11988E-002
0.23210E+002 0.0012119 0.12119E-002
0.23245E+002 0.0012258 0.12258E-002
0.23280E+002 0.0012407 0.12407E-002
0.23315E+002 0.0012564 0.12564E-002
0.23350E+002 0.0012731 0.12731E-002
0.23385E+002 0.0012907 0.12907E-002
0.23420E+002 0.0013089 0.13089E-002
0.23455E+002 0.0013272 0.13272E-002
0.23490E+002 0.001345 0.13450E-002
0.23525E+002 0.0013614 0.13614E-002
0.23560E+002 0.0013755 0.13755E-002
0.23595E+002 0.0013862 0.13862E-002
0.23630E+002 0.0013926 0.13926E-002
0.23665E+002 0.0013943 0.13943E-002
0.23700E+002 0.0013908 0.13908E-002
0.23735E+002 0.0013822 0.13822E-002
0.23770E+002 0.0013689 0.13689E-002
0.23805E+002 0.0013515 0.13515E-002
0.23840E+002 0.0013312 0.13312E-002
0.23875E+002 0.0013089 0.13089E-002
0.23910E+002 0.001286 0.12860E-002
0.23945E+002 0.0012637 0.12637E-002
0.23980E+002 0.001243 0.12430E-002
0.24015E+002 0.0012249 0.12249E-002
0.24050E+002 0.00121 0.12100E-002
0.24085E+002 0.0011988 0.11988E-002
0.24120E+002 0.0011913 0.11913E-002
0.24155E+002 0.0011874 0.11874E-002
0.24190E+002 0.001187 0.11870E-002
0.24225E+002 0.0011895 0.11895E-002
0.24260E+002 0.0011945 0.11945E-002
0.24295E+002 0.0012017 0.12017E-002
0.24330E+002 0.0012107 0.12107E-002
0.24365E+002 0.0012213 0.12213E-002
0.24400E+002 0.0012334 0.12334E-002
0.24435E+002 0.0012469 0.12469E-002
0.24470E+002 0.0012621 0.12621E-002
0.24505E+002 0.0012787 0.12787E-002
0.24540E+002 0.0012969 0.12969E-002
0.24575E+002 0.0013165 0.13165E-002
0.24610E+002 0.0013372 0.13372E-002
0.24645E+002 0.0013587 0.13587E-002
0.24680E+002 0.0013806 0.13806E-002
0.24715E+002 0.0014026 0.14026E-002
0.24750E+002 0.0014241 0.14241E-002
0.24785E+002 0.0014449 0.14449E-002
0.24820E+002 0.0014645 0.14645E-002
0.24855E+002 0.0014826 0.14826E-002
0.24890E+002 0.0014987 0.14987E-002
0.24925E+002 0.0015123 0.15123E-002
0.24960E+002 0.0015229 0.15229E-002
0.24995E+002 0.00153 0.15300E-002
0.25030E+002 0.001533 0.15330E-002
0.25065E+002 0.0015315 0.15315E-002
0.25100E+002 0.0015254 0.15254E-002
0.25135E+002 0.0015149 0.15149E-002
0.25170E+002 0.0015008 0.15008E-002
0.25205E+002 0.0014843 0.14843E-002
0.25240E+002 0.0014668 0.14668E-002
0.25275E+002 0.0014503 0.14503E-002
0.25310E+002 0.0014366 0.14366E-002
0.25345E+002 0.0014275 0.14275E-002
0.25380E+002 0.0014242 0.14242E-002
0.25415E+002 0.0014275 0.14275E-002
0.25450E+002 0.0014376 0.14376E-002
0.25485E+002 0.0014539 0.14539E-002
0.25520E+002 0.0014752 0.14752E-002
0.25555E+002 0.0014997 0.14997E-002
0.25590E+002 0.0015254 0.15254E-002
0.25625E+002 0.0015502 0.15502E-002
0.25660E+002 0.001572 0.15720E-002
0.25695E+002 0.0015889 0.15889E-002
0.25730E+002 0.0015998 0.15998E-002
0.25765E+002 0.0016039 0.16039E-002
0.25800E+002 0.001601 0.16010E-002
0.25835E+002 0.0015918 0.15918E-002
0.25870E+002 0.0015774 0.15774E-002
0.25905E+002 0.0015593 0.15593E-002
0.25940E+002 0.0015395 0.15395E-002
0.25975E+002 0.00152 0.15200E-002
0.26010E+002 0.0015029 0.15029E-002
0.26045E+002 0.0014901 0.14901E-002
0.26080E+002 0.0014829 0.14829E-002
0.26115E+002 0.0014824 0.14824E-002
0.26150E+002 0.0014888 0.14888E-002
0.26185E+002 0.0015018 0.15018E-002
0.26220E+002 0.0015203 0.15203E-002
0.26255E+002 0.0015428 0.15428E-002
0.26290E+002 0.0015671 0.15671E-002
0.26325E+002 0.0015909 0.15909E-002
0.26360E+002 0.0016119 0.16119E-002
0.26395E+002 0.0016279 0.16279E-002
0.26430E+002 0.0016372 0.16372E-002
0.26465E+002 0.0016386 0.16386E-002
0.26500E+002 0.0016317 0.16317E-002
0.26535E+002 0.0016169 0.16169E-002
0.26570E+002 0.0015953 0.15953E-002
0.26605E+002 0.0015685 0.15685E-002
0.26640E+002 0.0015386 0.15386E-002
0.26675E+002 0.0015081 0.15081E-002
0.26710E+002 0.0014791 0.14791E-002
0.26745E+002 0.0014538 0.14538E-002
0.26780E+002 0.0014339 0.14339E-002
0.26815E+002 0.0014204 0.14204E-002
0.26850E+002 0.0014138 0.14138E-002
0.26885E+002 0.001414 0.14140E-002
0.26920E+002 0.0014202 0.14202E-002
0.26955E+002 0.0014311 0.14311E-002
0.26990E+002 0.0014452 0.14452E-002
0.27025E+002 0.0014605 0.14605E-002
0.27060E+002 0.001475 0.14750E-002
0.27095E+002 0.0014871 0.14871E-002
0.27130E+002 0.0014951 0.14951E-002
0.27165E+002 0.0014978 0.14978E-002
0.27200E+002 0.0014946 0.14946E-002
0.27235E+002 0.0014854 0.14854E-002
0.27270E+002 0.0014706 0.14706E-002
0.27305E+002 0.0014514 0.14514E-002
0.27340E+002 0.001429 0.14290E-002
0.27375E+002 0.001405 0.14050E-002
0.27410E+002 0.001381 0.13810E-002
0.27445E+002 0.0013581 0.13581E-002
0.27480E+002 0.0013372 0.13372E-002
0.27515E+002 0.0013187 0.13187E-002
0.27550E+002 0.0013026 0.13026E-002
0.27585E+002 0.0012885 0.12885E-002
0.27620E+002 0.0012756 0.12756E-002
0.27655E+002 0.0012633 0.12633E-002
0.27690E+002 0.0012509 0.12509E-002
0.27725E+002 0.0012381 0.12381E-002
0.27760E+002 0.0012248 0.12248E-002
0.27795E+002 0.0012114 0.12114E-002
0.27830E+002 0.0011987 0.11987E-002
0.27865E+002 0.0011877 0.11877E-002
0.27900E+002 0.0011798 0.11798E-002
0.27935E+002 0.001176 0.11760E-002
0.27970E+002 0.0011775 0.11775E-002
0.28005E+002 0.0011847 0.11847E-002
0.28040E+002 0.0011978 0.11978E-002
0.28075E+002 0.0012161 0.12161E-002
0.28110E+002 0.0012383 0.12383E-002
0.28145E+002 0.001263 0.12630E-002
0.28180E+002 0.0012881 0.12881E-002
0.28215E+002 0.001312 0.13120E-002
0.28250E+002 0.001333 0.13330E-002
0.28285E+002 0.0013499 0.13499E-002
0.28320E+002 0.0013621 0.13621E-002
0.28355E+002 0.0013695 0.13695E-002
0.28390E+002 0.0013725 0.13725E-002
0.28425E+002 0.0013717 0.13717E-002
0.28460E+002 0.0013682 0.13682E-002
0.28495E+002 0.0013628 0.13628E-002
0.28530E+002 0.0013564 0.13564E-002
0.28565E+002 0.0013496 0.13496E-002
0.28600E+002 0.0013429 0.13429E-002
0.28635E+002 0.001336 0.13360E-002
0.28670E+002 0.0013288 0.13288E-002
0.28705E+002 0.0013206 0.13206E-002
0.28740E+002 0.0013107 0.13107E-002
0.28775E+002 0.0012981 0.12981E-002
0.28810E+002 0.001282 0.12820E-002
0.28845E+002 0.0012618 0.12618E-002
0.28880E+002 0.0012373 0.12373E-002
0.28915E+002 0.0012084 0.12084E-002
0.28950E+002 0.0011759 0.11759E-002
0.28985E+002 0.0011408 0.11408E-002
0.29020E+002 0.0011046 0.11046E-002
0.29055E+002 0.0010689 0.10689E-002
0.29090E+002 0.0010357 0.10357E-002
0.29125E+002 0.0010065 0.10065E-002
0.29160E+002 0.00098263 0.98263E-003
0.29195E+002 0.00096486 0.96486E-003
0.29230E+002 0.00095332 0.95332E-003
0.29265E+002 0.00094749 0.94749E-003
0.29300E+002 0.00094627 0.94627E-003
0.29335E+002 0.00094809 0.94809E-003
0.29370E+002 0.00095117 0.95117E-003
0.29405E+002 0.00095367 0.95367E-003
0.29440E+002 0.00095399 0.95399E-003
0.29475E+002 0.00095092 0.95092E-003
0.29510E+002 0.00094374 0.94374E-003
0.29545E+002 0.00093228 0.93228E-003
0.29580E+002 0.00091685 0.91685E-003
0.29615E+002 0.00089811 0.89811E-003
0.29650E+002 0.00087695 0.87695E-003
0.29685E+002 0.00085429 0.85429E-003
0.29720E+002 0.00083094 0.83094E-003
0.29755E+002 0.00080755 0.80755E-003
0.29790E+002 0.00078455 0.78455E-003
0.29825E+002 0.00076221 0.76221E-003
0.29860E+002 0.00074062 0.74062E-003
0.29895E+002 0.00071987 0.71987E-003
0.29930E+002 0.00070003 0.70003E-003
0.29965E+002 0.00068123 0.68123E-003
