# 0 Applied
-0.50000E+001 2.7212e-19 0.27212E-018
-0.49650E+001 1.2802e-18 0.12802E-017
-0.49300E+001 5.8417e-18 0.58417E-017
-0.48950E+001 2.5858e-17 0.25858E-016
-0.48600E+001 1.1103e-16 0.11103E-015
-0.48250E+001 4.6243e-16 0.46243E-015
-0.47900E+001 1.8683e-15 0.18683E-014
-0.47550E+001 7.3223e-15 0.73223E-014
-0.47200E+001 2.7837e-14 0.27837E-013
-0.46850E+001 1.0266e-13 0.10266E-012
-0.46500E+001 3.6727e-13 0.36727E-012
-0.46150E+001 1.2746e-12 0.12746E-011
-0.45800E+001 4.2909e-12 0.42909E-011
-0.45450E+001 1.4013e-11 0.14013E-010
-0.45100E+001 4.4397e-11 0.44397E-010
-0.44750E+001 1.3645e-10 0.13645E-009
-0.44400E+001 4.0685e-10 0.40685E-009
-0.44050E+001 1.1768e-09 0.11768E-008
-0.43700E+001 3.3023e-09 0.33023E-008
-0.43350E+001 8.9902e-09 0.89902E-008
-0.43000E+001 2.3745e-08 0.23745E-007
-0.42650E+001 6.0843e-08 0.60843E-007
-0.42300E+001 1.5126e-07 0.15126E-006
-0.41950E+001 3.6482e-07 0.36482E-006
-0.41600E+001 8.5372e-07 0.85372E-006
-0.41250E+001 1.9384e-06 0.19384E-005
-0.40900E+001 4.2701e-06 0.42701E-005
-0.40550E+001 9.1271e-06 0.91271E-005
-0.40200E+001 1.8929e-05 0.18929E-004
-0.39850E+001 3.8093e-05 0.38093E-004
-0.39500E+001 7.4383e-05 0.74383E-004
-0.39150E+001 0.00014094 0.14094E-003
-0.38800E+001 0.00025915 0.25915E-003
-0.38450E+001 0.0004624 0.46240E-003
-0.38100E+001 0.00080065 0.80065E-003
-0.37750E+001 0.0013454 0.13454E-002
-0.37400E+001 0.0021941 0.21941E-002
-0.37050E+001 0.0034726 0.34726E-002
-0.36700E+001 0.0053343 0.53343E-002
-0.36350E+001 0.0079531 0.79531E-002
-0.36000E+001 0.011509 0.11509E-001
-0.35650E+001 0.016167 0.16167E-001
-0.35300E+001 0.022043 0.22043E-001
-0.34950E+001 0.029177 0.29177E-001
-0.34600E+001 0.03749 0.37490E-001
-0.34250E+001 0.046766 0.46766E-001
-0.33900E+001 0.056638 0.56638E-001
-0.33550E+001 0.066599 0.66599E-001
-0.33200E+001 0.076038 0.76038E-001
-0.32850E+001 0.084297 0.84297E-001
-0.32500E+001 0.090749 0.90749E-001
-0.32150E+001 0.094872 0.94872E-001
-0.31800E+001 0.096323 0.96323E-001
-0.31450E+001 0.094981 0.94981E-001
-0.31100E+001 0.090968 0.90968E-001
-0.30750E+001 0.084627 0.84627E-001
-0.30400E+001 0.076475 0.76475E-001
-0.30050E+001 0.067135 0.67135E-001
-0.29700E+001 0.057257 0.57257E-001
-0.29350E+001 0.047443 0.47443E-001
-0.29000E+001 0.038196 0.38196E-001
-0.28650E+001 0.02988 0.29880E-001
-0.28300E+001 0.022713 0.22713E-001
-0.27950E+001 0.016779 0.16779E-001
-0.27600E+001 0.012046 0.12046E-001
-0.27250E+001 0.0084045 0.84045E-002
-0.26900E+001 0.0056994 0.56994E-002
-0.26550E+001 0.0037568 0.37568E-002
-0.26200E+001 0.002407 0.24070E-002
-0.25850E+001 0.0014991 0.14991E-002
-0.25500E+001 0.00090757 0.90757E-003
-0.25150E+001 0.00053416 0.53416E-003
-0.24800E+001 0.00030563 0.30563E-003
-0.24450E+001 0.00017001 0.17001E-003
-0.24100E+001 9.1938e-05 0.91938E-004
-0.23750E+001 4.8338e-05 0.48338E-004
-0.23400E+001 2.4709e-05 0.24709E-004
-0.23050E+001 1.228e-05 0.12280E-004
-0.22700E+001 5.9332e-06 0.59332E-005
-0.22350E+001 2.7872e-06 0.27872E-005
-0.22000E+001 1.2729e-06 0.12729E-005
-0.21650E+001 5.652e-07 0.56520E-006
-0.21300E+001 2.4398e-07 0.24398E-006
-0.20950E+001 1.0239e-07 0.10239E-006
-0.20600E+001 4.1772e-08 0.41772E-007
-0.20250E+001 1.6566e-08 0.16566E-007
-0.19900E+001 6.3867e-09 0.63867E-008
-0.19550E+001 2.3934e-09 0.23934E-008
-0.19200E+001 8.7181e-10 0.87181E-009
-0.18850E+001 3.0866e-10 0.30866E-009
-0.18500E+001 1.0621e-10 0.10621E-009
-0.18150E+001 3.552e-11 0.35520E-010
-0.17800E+001 1.1544e-11 0.11544E-010
-0.17450E+001 3.646e-12 0.36460E-011
-0.17100E+001 1.119e-12 0.11190E-011
-0.16750E+001 3.3369e-13 0.33369E-012
-0.16400E+001 9.6686e-14 0.96686E-013
-0.16050E+001 2.7218e-14 0.27218E-013
-0.15700E+001 7.4439e-15 0.74439E-014
-0.15350E+001 1.9778e-15 0.19778E-014
-0.15000E+001 5.1044e-16 0.51044E-015
-0.14650E+001 1.2797e-16 0.12797E-015
-0.14300E+001 3.116e-17 0.31160E-016
-0.13950E+001 7.3694e-18 0.73694E-017
-0.13600E+001 1.6927e-18 0.16927E-017
-0.13250E+001 3.7757e-19 0.37757E-018
-0.12900E+001 8.1789e-20 0.81789E-019
-0.12550E+001 1.7204e-20 0.17204E-019
-0.12200E+001 3.5138e-21 0.35138E-020
-0.11850E+001 6.9683e-22 0.69683E-021
-0.11500E+001 1.3417e-22 0.13417E-021
-0.11150E+001 2.5081e-23 0.25081E-022
-0.10800E+001 4.5518e-24 0.45518E-023
-0.10450E+001 8.0193e-25 0.80193E-024
-0.10100E+001 1.3715e-25 0.13715E-024
-0.97500E+000 2.2769e-26 0.22769E-025
-0.94000E+000 3.669e-27 0.36690E-026
-0.90500E+000 5.7388e-28 0.57388E-027
-0.87000E+000 8.7124e-29 0.87124E-028
-0.83500E+000 1.2844e-29 0.12844E-028
-0.80000E+000 1.8854e-30 0.18854E-029
-0.76500E+000 5.9045e-31 0.59045E-030
-0.73000E+000 2.2367e-30 0.22367E-029
-0.69500E+000 1.402e-29 0.14020E-028
-0.66000E+000 8.6513e-29 0.86513E-028
-0.62500E+000 5.1798e-28 0.51798E-027
-0.59000E+000 3.0082e-27 0.30082E-026
-0.55500E+000 1.6946e-26 0.16946E-025
-0.52000E+000 9.2603e-26 0.92603E-025
-0.48500E+000 4.9087e-25 0.49087E-024
-0.45000E+000 2.5241e-24 0.25241E-023
-0.41500E+000 1.2591e-23 0.12591E-022
-0.38000E+000 6.0931e-23 0.60931E-022
-0.34500E+000 2.8605e-22 0.28605E-021
-0.31000E+000 1.3029e-21 0.13029E-020
-0.27500E+000 5.7576e-21 0.57576E-020
-0.24000E+000 2.4686e-20 0.24686E-019
-0.20500E+000 1.027e-19 0.10270E-018
-0.17000E+000 4.146e-19 0.41460E-018
-0.13500E+000 1.6241e-18 0.16241E-017
-0.10000E+000 6.1745e-18 0.61745E-017
-0.65000E-001 2.2781e-17 0.22781E-016
-0.30000E-001 8.1583e-17 0.81583E-016
0.50000E-002 2.8359e-16 0.28359E-015
0.40000E-001 9.5695e-16 0.95695E-015
0.75000E-001 3.135e-15 0.31350E-014
0.11000E+000 9.9722e-15 0.99722E-014
0.14500E+000 3.0803e-14 0.30803E-013
0.18000E+000 9.2402e-14 0.92402E-013
0.21500E+000 2.6923e-13 0.26923E-012
0.25000E+000 7.6207e-13 0.76207E-012
0.28500E+000 2.0958e-12 0.20958E-011
0.32000E+000 5.6008e-12 0.56008E-011
0.35500E+000 1.4547e-11 0.14547E-010
0.39000E+000 3.6731e-11 0.36731E-010
0.42500E+000 9.0173e-11 0.90173E-010
0.46000E+000 2.1528e-10 0.21528E-009
0.49500E+000 4.9993e-10 0.49993E-009
0.53000E+000 1.1295e-09 0.11295E-008
0.56500E+000 2.4835e-09 0.24835E-008
0.60000E+000 5.3151e-09 0.53151E-008
0.63500E+000 1.1075e-08 0.11075E-007
0.67000E+000 2.2476e-08 0.22476E-007
0.70500E+000 4.443e-08 0.44430E-007
0.74000E+000 8.558e-08 0.85580E-007
0.77500E+000 1.6066e-07 0.16066E-006
0.81000E+000 2.9405e-07 0.29405E-006
0.84500E+000 5.2481e-07 0.52481E-006
0.88000E+000 9.1363e-07 0.91363E-006
0.91500E+000 1.5518e-06 0.15518E-005
0.95000E+000 2.5725e-06 0.25725E-005
0.98500E+000 4.1628e-06 0.41628E-005
0.10200E+001 6.5779e-06 0.65779E-005
0.10550E+001 1.0153e-05 0.10153E-004
0.10900E+001 1.531e-05 0.15310E-004
0.11250E+001 2.2565e-05 0.22565E-004
0.11600E+001 3.2516e-05 0.32516E-004
0.11950E+001 4.5829e-05 0.45829E-004
0.12300E+001 6.3205e-05 0.63205E-004
0.12650E+001 8.5342e-05 0.85342E-004
0.13000E+001 0.00011288 0.11288E-003
0.13350E+001 0.00014638 0.14638E-003
0.13700E+001 0.00018622 0.18622E-003
0.14050E+001 0.00023266 0.23266E-003
0.14400E+001 0.00028579 0.28579E-003
0.14750E+001 0.00034556 0.34556E-003
0.15100E+001 0.00041185 0.41185E-003
0.15450E+001 0.00048454 0.48454E-003
0.15800E+001 0.00056352 0.56352E-003
0.16150E+001 0.00064876 0.64876E-003
0.16500E+001 0.00074022 0.74022E-003
0.16850E+001 0.00083781 0.83781E-003
0.17200E+001 0.0009412 0.94120E-003
0.17550E+001 0.0010497 0.10497E-002
0.17900E+001 0.0011621 0.11621E-002
0.18250E+001 0.0012766 0.12766E-002
0.18600E+001 0.0013907 0.13907E-002
0.18950E+001 0.0015017 0.15017E-002
0.19300E+001 0.0016066 0.16066E-002
0.19650E+001 0.0017027 0.17027E-002
0.20000E+001 0.0017879 0.17879E-002
0.20350E+001 0.001861 0.18610E-002
0.20700E+001 0.001922 0.19220E-002
0.21050E+001 0.0019716 0.19716E-002
0.21400E+001 0.0020118 0.20118E-002
0.21750E+001 0.0020449 0.20449E-002
0.22100E+001 0.0020738 0.20738E-002
0.22450E+001 0.0021012 0.21012E-002
0.22800E+001 0.0021301 0.21301E-002
0.23150E+001 0.0021635 0.21635E-002
0.23500E+001 0.0022048 0.22048E-002
0.23850E+001 0.0022576 0.22576E-002
0.24200E+001 0.0023259 0.23259E-002
0.24550E+001 0.0024142 0.24142E-002
0.24900E+001 0.0025261 0.25261E-002
0.25250E+001 0.0026645 0.26645E-002
0.25600E+001 0.0028307 0.28307E-002
0.25950E+001 0.0030236 0.30236E-002
0.26300E+001 0.0032399 0.32399E-002
0.26650E+001 0.0034743 0.34743E-002
0.27000E+001 0.0037199 0.37199E-002
0.27350E+001 0.0039693 0.39693E-002
0.27700E+001 0.0042157 0.42157E-002
0.28050E+001 0.0044534 0.44534E-002
0.28400E+001 0.0046785 0.46785E-002
0.28750E+001 0.0048892 0.48892E-002
0.29100E+001 0.0050854 0.50854E-002
0.29450E+001 0.0052687 0.52687E-002
0.29800E+001 0.0054411 0.54411E-002
0.30150E+001 0.0056053 0.56053E-002
0.30500E+001 0.0057638 0.57638E-002
0.30850E+001 0.0059186 0.59186E-002
0.31200E+001 0.0060714 0.60714E-002
0.31550E+001 0.006223 0.62230E-002
0.31900E+001 0.0063736 0.63736E-002
0.32250E+001 0.0065231 0.65231E-002
0.32600E+001 0.0066715 0.66715E-002
0.32950E+001 0.0068194 0.68194E-002
0.33300E+001 0.0069684 0.69684E-002
0.33650E+001 0.0071217 0.71217E-002
0.34000E+001 0.0072844 0.72844E-002
0.34350E+001 0.0074626 0.74626E-002
0.34700E+001 0.0076628 0.76628E-002
0.35050E+001 0.00789 0.78900E-002
0.35400E+001 0.0081461 0.81461E-002
0.35750E+001 0.0084277 0.84277E-002
0.36100E+001 0.0087255 0.87255E-002
0.36450E+001 0.0090241 0.90241E-002
0.36800E+001 0.0093039 0.93039E-002
0.37150E+001 0.0095435 0.95435E-002
0.37500E+001 0.0097236 0.97236E-002
0.37850E+001 0.009831 0.98310E-002
0.38200E+001 0.0098614 0.98614E-002
0.38550E+001 0.0098217 0.98217E-002
0.38900E+001 0.0097299 0.97299E-002
0.39250E+001 0.0096127 0.96127E-002
0.39600E+001 0.0095022 0.95022E-002
0.39950E+001 0.0094309 0.94309E-002
0.40300E+001 0.0094274 0.94274E-002
0.40650E+001 0.0095116 0.95116E-002
0.41000E+001 0.0096922 0.96922E-002
0.41350E+001 0.0099658 0.99658E-002
0.41700E+001 0.010318 0.10318E-001
0.42050E+001 0.010725 0.10725E-001
0.42400E+001 0.011159 0.11159E-001
0.42750E+001 0.01159 0.11590E-001
0.43100E+001 0.011991 0.11991E-001
0.43450E+001 0.012344 0.12344E-001
0.43800E+001 0.012634 0.12634E-001
0.44150E+001 0.012857 0.12857E-001
0.44500E+001 0.013015 0.13015E-001
0.44850E+001 0.013113 0.13113E-001
0.45200E+001 0.013162 0.13162E-001
0.45550E+001 0.013169 0.13169E-001
0.45900E+001 0.013141 0.13141E-001
0.46250E+001 0.013084 0.13084E-001
0.46600E+001 0.013 0.13000E-001
0.46950E+001 0.01289 0.12890E-001
0.47300E+001 0.012757 0.12757E-001
0.47650E+001 0.012605 0.12605E-001
0.48000E+001 0.012438 0.12438E-001
0.48350E+001 0.01226 0.12260E-001
0.48700E+001 0.012079 0.12079E-001
0.49050E+001 0.011898 0.11898E-001
0.49400E+001 0.011721 0.11721E-001
0.49750E+001 0.011547 0.11547E-001
0.50100E+001 0.011376 0.11376E-001
0.50450E+001 0.011203 0.11203E-001
0.50800E+001 0.011026 0.11026E-001
0.51150E+001 0.010839 0.10839E-001
0.51500E+001 0.010642 0.10642E-001
0.51850E+001 0.010433 0.10433E-001
0.52200E+001 0.010213 0.10213E-001
0.52550E+001 0.0099852 0.99852E-002
0.52900E+001 0.009752 0.97520E-002
0.53250E+001 0.0095174 0.95174E-002
0.53600E+001 0.0092859 0.92859E-002
0.53950E+001 0.0090624 0.90624E-002
0.54300E+001 0.008853 0.88530E-002
0.54650E+001 0.0086645 0.86645E-002
0.55000E+001 0.0085046 0.85046E-002
0.55350E+001 0.0083811 0.83811E-002
0.55700E+001 0.0083012 0.83012E-002
0.56050E+001 0.0082703 0.82703E-002
0.56400E+001 0.0082909 0.82909E-002
0.56750E+001 0.0083623 0.83623E-002
0.57100E+001 0.0084803 0.84803E-002
0.57450E+001 0.0086378 0.86378E-002
0.57800E+001 0.008826 0.88260E-002
0.58150E+001 0.0090352 0.90352E-002
0.58500E+001 0.0092563 0.92563E-002
0.58850E+001 0.0094821 0.94821E-002
0.59200E+001 0.009707 0.97070E-002
0.59550E+001 0.009928 0.99280E-002
0.59900E+001 0.010143 0.10143E-001
0.60250E+001 0.010353 0.10353E-001
0.60600E+001 0.010556 0.10556E-001
0.60950E+001 0.010752 0.10752E-001
0.61300E+001 0.010939 0.10939E-001
0.61650E+001 0.011114 0.11114E-001
0.62000E+001 0.011273 0.11273E-001
0.62350E+001 0.011412 0.11412E-001
0.62700E+001 0.011523 0.11523E-001
0.63050E+001 0.011603 0.11603E-001
0.63400E+001 0.011645 0.11645E-001
0.63750E+001 0.011645 0.11645E-001
0.64100E+001 0.0116 0.11600E-001
0.64450E+001 0.011509 0.11509E-001
0.64800E+001 0.011373 0.11373E-001
0.65150E+001 0.011191 0.11191E-001
0.65500E+001 0.010969 0.10969E-001
0.65850E+001 0.010709 0.10709E-001
0.66200E+001 0.010418 0.10418E-001
0.66550E+001 0.0101 0.10100E-001
0.66900E+001 0.0097625 0.97625E-002
0.67250E+001 0.0094109 0.94109E-002
0.67600E+001 0.0090519 0.90519E-002
0.67950E+001 0.0086919 0.86919E-002
0.68300E+001 0.0083376 0.83376E-002
0.68650E+001 0.0079957 0.79957E-002
0.69000E+001 0.0076731 0.76731E-002
0.69350E+001 0.0073761 0.73761E-002
0.69700E+001 0.0071108 0.71108E-002
0.70050E+001 0.0068824 0.68824E-002
0.70400E+001 0.0066948 0.66948E-002
0.70750E+001 0.0065504 0.65504E-002
0.71100E+001 0.0064496 0.64496E-002
0.71450E+001 0.0063909 0.63909E-002
0.71800E+001 0.0063704 0.63704E-002
0.72150E+001 0.0063824 0.63824E-002
0.72500E+001 0.0064194 0.64194E-002
0.72850E+001 0.0064729 0.64729E-002
0.73200E+001 0.0065344 0.65344E-002
0.73550E+001 0.0065958 0.65958E-002
0.73900E+001 0.0066509 0.66509E-002
0.74250E+001 0.0066954 0.66954E-002
0.74600E+001 0.0067282 0.67282E-002
0.74950E+001 0.0067505 0.67505E-002
0.75300E+001 0.0067659 0.67659E-002
0.75650E+001 0.0067792 0.67792E-002
0.76000E+001 0.0067959 0.67959E-002
0.76350E+001 0.0068208 0.68208E-002
0.76700E+001 0.0068571 0.68571E-002
0.77050E+001 0.0069064 0.69064E-002
0.77400E+001 0.0069681 0.69681E-002
0.77750E+001 0.0070404 0.70404E-002
0.78100E+001 0.0071204 0.71204E-002
0.78450E+001 0.0072053 0.72053E-002
0.78800E+001 0.0072933 0.72933E-002
0.79150E+001 0.0073837 0.73837E-002
0.79500E+001 0.0074779 0.74779E-002
0.79850E+001 0.0075783 0.75783E-002
0.80200E+001 0.0076882 0.76882E-002
0.80550E+001 0.0078108 0.78108E-002
0.80900E+001 0.007948 0.79480E-002
0.81250E+001 0.0080998 0.80998E-002
0.81600E+001 0.0082632 0.82632E-002
0.81950E+001 0.0084324 0.84324E-002
0.82300E+001 0.0085987 0.85987E-002
0.82650E+001 0.0087515 0.87515E-002
0.83000E+001 0.0088789 0.88789E-002
0.83350E+001 0.0089696 0.89696E-002
0.83700E+001 0.0090136 0.90136E-002
0.84050E+001 0.0090037 0.90037E-002
0.84400E+001 0.0089362 0.89362E-002
0.84750E+001 0.0088116 0.88116E-002
0.85100E+001 0.0086342 0.86342E-002
0.85450E+001 0.0084121 0.84121E-002
0.85800E+001 0.008156 0.81560E-002
0.86150E+001 0.0078788 0.78788E-002
0.86500E+001 0.0075942 0.75942E-002
0.86850E+001 0.0073157 0.73157E-002
0.87200E+001 0.0070557 0.70557E-002
0.87550E+001 0.0068251 0.68251E-002
0.87900E+001 0.0066326 0.66326E-002
0.88250E+001 0.0064843 0.64843E-002
0.88600E+001 0.0063844 0.63844E-002
0.88950E+001 0.0063345 0.63345E-002
0.89300E+001 0.0063342 0.63342E-002
0.89650E+001 0.0063813 0.63813E-002
0.90000E+001 0.0064721 0.64721E-002
0.90350E+001 0.0066011 0.66011E-002
0.90700E+001 0.0067621 0.67621E-002
0.91050E+001 0.0069473 0.69473E-002
0.91400E+001 0.0071483 0.71483E-002
0.91750E+001 0.0073557 0.73557E-002
0.92100E+001 0.0075596 0.75596E-002
0.92450E+001 0.0077499 0.77499E-002
0.92800E+001 0.0079166 0.79166E-002
0.93150E+001 0.0080507 0.80507E-002
0.93500E+001 0.0081446 0.81446E-002
0.93850E+001 0.0081932 0.81932E-002
0.94200E+001 0.0081942 0.81942E-002
0.94550E+001 0.008149 0.81490E-002
0.94900E+001 0.0080625 0.80625E-002
0.95250E+001 0.0079429 0.79429E-002
0.95600E+001 0.0078011 0.78011E-002
0.95950E+001 0.0076494 0.76494E-002
0.96300E+001 0.0075001 0.75001E-002
0.96650E+001 0.0073643 0.73643E-002
0.97000E+001 0.0072508 0.72508E-002
0.97350E+001 0.0071652 0.71652E-002
0.97700E+001 0.0071096 0.71096E-002
0.98050E+001 0.0070831 0.70831E-002
0.98400E+001 0.0070824 0.70824E-002
0.98750E+001 0.0071025 0.71025E-002
0.99100E+001 0.0071381 0.71381E-002
0.99450E+001 0.0071838 0.71838E-002
0.99800E+001 0.0072352 0.72352E-002
0.10015E+002 0.0072883 0.72883E-002
0.10050E+002 0.0073399 0.73399E-002
0.10085E+002 0.0073872 0.73872E-002
0.10120E+002 0.0074268 0.74268E-002
0.10155E+002 0.0074552 0.74552E-002
0.10190E+002 0.0074683 0.74683E-002
0.10225E+002 0.0074622 0.74622E-002
0.10260E+002 0.0074331 0.74331E-002
0.10295E+002 0.0073783 0.73783E-002
0.10330E+002 0.0072972 0.72972E-002
0.10365E+002 0.0071912 0.71912E-002
0.10400E+002 0.007064 0.70640E-002
0.10435E+002 0.0069219 0.69219E-002
0.10470E+002 0.0067729 0.67729E-002
0.10505E+002 0.0066259 0.66259E-002
0.10540E+002 0.00649 0.64900E-002
0.10575E+002 0.006373 0.63730E-002
0.10610E+002 0.006281 0.62810E-002
0.10645E+002 0.0062174 0.62174E-002
0.10680E+002 0.0061826 0.61826E-002
0.10715E+002 0.0061743 0.61743E-002
0.10750E+002 0.0061878 0.61878E-002
0.10785E+002 0.0062167 0.62167E-002
0.10820E+002 0.0062538 0.62538E-002
0.10855E+002 0.006292 0.62920E-002
0.10890E+002 0.0063248 0.63248E-002
0.10925E+002 0.0063469 0.63469E-002
0.10960E+002 0.0063545 0.63545E-002
0.10995E+002 0.0063454 0.63454E-002
0.11030E+002 0.0063191 0.63191E-002
0.11065E+002 0.0062763 0.62763E-002
0.11100E+002 0.0062193 0.62193E-002
0.11135E+002 0.0061511 0.61511E-002
0.11170E+002 0.0060761 0.60761E-002
0.11205E+002 0.0059989 0.59989E-002
0.11240E+002 0.0059246 0.59246E-002
0.11275E+002 0.005858 0.58580E-002
0.11310E+002 0.0058036 0.58036E-002
0.11345E+002 0.0057648 0.57648E-002
0.11380E+002 0.005744 0.57440E-002
0.11415E+002 0.0057421 0.57421E-002
0.11450E+002 0.0057589 0.57589E-002
0.11485E+002 0.0057928 0.57928E-002
0.11520E+002 0.0058414 0.58414E-002
0.11555E+002 0.0059016 0.59016E-002
0.11590E+002 0.0059699 0.59699E-002
0.11625E+002 0.0060426 0.60426E-002
0.11660E+002 0.0061161 0.61161E-002
0.11695E+002 0.0061867 0.61867E-002
0.11730E+002 0.0062512 0.62512E-002
0.11765E+002 0.0063068 0.63068E-002
0.11800E+002 0.0063511 0.63511E-002
0.11835E+002 0.0063826 0.63826E-002
0.11870E+002 0.006401 0.64010E-002
0.11905E+002 0.0064068 0.64068E-002
0.11940E+002 0.0064018 0.64018E-002
0.11975E+002 0.0063885 0.63885E-002
0.12010E+002 0.0063704 0.63704E-002
0.12045E+002 0.0063511 0.63511E-002
0.12080E+002 0.0063342 0.63342E-002
0.12115E+002 0.006323 0.63230E-002
0.12150E+002 0.0063203 0.63203E-002
0.12185E+002 0.006328 0.63280E-002
0.12220E+002 0.0063476 0.63476E-002
0.12255E+002 0.0063797 0.63797E-002
0.12290E+002 0.0064243 0.64243E-002
0.12325E+002 0.0064804 0.64804E-002
0.12360E+002 0.0065465 0.65465E-002
0.12395E+002 0.0066205 0.66205E-002
0.12430E+002 0.0066995 0.66995E-002
0.12465E+002 0.0067803 0.67803E-002
0.12500E+002 0.0068596 0.68596E-002
0.12535E+002 0.0069342 0.69342E-002
0.12570E+002 0.0070014 0.70014E-002
0.12605E+002 0.0070588 0.70588E-002
0.12640E+002 0.0071045 0.71045E-002
0.12675E+002 0.0071369 0.71369E-002
0.12710E+002 0.0071545 0.71545E-002
0.12745E+002 0.0071553 0.71553E-002
0.12780E+002 0.0071374 0.71374E-002
0.12815E+002 0.0070983 0.70983E-002
0.12850E+002 0.0070359 0.70359E-002
0.12885E+002 0.0069484 0.69484E-002
0.12920E+002 0.0068352 0.68352E-002
0.12955E+002 0.0066975 0.66975E-002
0.12990E+002 0.0065384 0.65384E-002
0.13025E+002 0.0063628 0.63628E-002
0.13060E+002 0.0061779 0.61779E-002
0.13095E+002 0.0059915 0.59915E-002
0.13130E+002 0.0058124 0.58124E-002
0.13165E+002 0.0056485 0.56485E-002
0.13200E+002 0.0055068 0.55068E-002
0.13235E+002 0.0053923 0.53923E-002
0.13270E+002 0.0053075 0.53075E-002
0.13305E+002 0.0052528 0.52528E-002
0.13340E+002 0.0052264 0.52264E-002
0.13375E+002 0.005225 0.52250E-002
0.13410E+002 0.0052439 0.52439E-002
0.13445E+002 0.0052779 0.52779E-002
0.13480E+002 0.0053221 0.53221E-002
0.13515E+002 0.0053718 0.53718E-002
0.13550E+002 0.0054229 0.54229E-002
0.13585E+002 0.0054724 0.54724E-002
0.13620E+002 0.0055182 0.55182E-002
0.13655E+002 0.0055588 0.55588E-002
0.13690E+002 0.0055938 0.55938E-002
0.13725E+002 0.0056229 0.56229E-002
0.13760E+002 0.0056462 0.56462E-002
0.13795E+002 0.005664 0.56640E-002
0.13830E+002 0.005676 0.56760E-002
0.13865E+002 0.005682 0.56820E-002
0.13900E+002 0.005681 0.56810E-002
0.13935E+002 0.0056721 0.56721E-002
0.13970E+002 0.0056542 0.56542E-002
0.14005E+002 0.0056266 0.56266E-002
0.14040E+002 0.0055891 0.55891E-002
0.14075E+002 0.0055425 0.55425E-002
0.14110E+002 0.0054884 0.54884E-002
0.14145E+002 0.0054292 0.54292E-002
0.14180E+002 0.0053682 0.53682E-002
0.14215E+002 0.0053089 0.53089E-002
0.14250E+002 0.0052547 0.52547E-002
0.14285E+002 0.005209 0.52090E-002
0.14320E+002 0.0051741 0.51741E-002
0.14355E+002 0.0051517 0.51517E-002
0.14390E+002 0.0051423 0.51423E-002
0.14425E+002 0.0051455 0.51455E-002
0.14460E+002 0.0051598 0.51598E-002
0.14495E+002 0.0051826 0.51826E-002
0.14530E+002 0.0052107 0.52107E-002
0.14565E+002 0.0052404 0.52404E-002
0.14600E+002 0.0052681 0.52681E-002
0.14635E+002 0.0052907 0.52907E-002
0.14670E+002 0.005306 0.53060E-002
0.14705E+002 0.0053132 0.53132E-002
0.14740E+002 0.0053135 0.53135E-002
0.14775E+002 0.0053094 0.53094E-002
0.14810E+002 0.0053048 0.53048E-002
0.14845E+002 0.0053045 0.53045E-002
0.14880E+002 0.0053128 0.53128E-002
0.14915E+002 0.0053334 0.53334E-002
0.14950E+002 0.0053681 0.53681E-002
0.14985E+002 0.0054167 0.54167E-002
0.15020E+002 0.0054765 0.54765E-002
0.15055E+002 0.0055426 0.55426E-002
0.15090E+002 0.0056086 0.56086E-002
0.15125E+002 0.0056675 0.56675E-002
0.15160E+002 0.0057122 0.57122E-002
0.15195E+002 0.0057371 0.57371E-002
0.15230E+002 0.0057381 0.57381E-002
0.15265E+002 0.0057137 0.57137E-002
0.15300E+002 0.0056648 0.56648E-002
0.15335E+002 0.0055946 0.55946E-002
0.15370E+002 0.0055085 0.55085E-002
0.15405E+002 0.0054127 0.54127E-002
0.15440E+002 0.0053143 0.53143E-002
0.15475E+002 0.0052202 0.52202E-002
0.15510E+002 0.0051366 0.51366E-002
0.15545E+002 0.0050682 0.50682E-002
0.15580E+002 0.0050188 0.50188E-002
0.15615E+002 0.0049904 0.49904E-002
0.15650E+002 0.0049838 0.49838E-002
0.15685E+002 0.0049987 0.49987E-002
0.15720E+002 0.0050335 0.50335E-002
0.15755E+002 0.0050864 0.50864E-002
0.15790E+002 0.0051546 0.51546E-002
0.15825E+002 0.005235 0.52350E-002
0.15860E+002 0.0053239 0.53239E-002
0.15895E+002 0.0054174 0.54174E-002
0.15930E+002 0.0055113 0.55113E-002
0.15965E+002 0.0056011 0.56011E-002
0.16000E+002 0.0056823 0.56823E-002
0.16035E+002 0.0057509 0.57509E-002
0.16070E+002 0.0058031 0.58031E-002
0.16105E+002 0.0058363 0.58363E-002
0.16140E+002 0.0058487 0.58487E-002
0.16175E+002 0.00584 0.58400E-002
0.16210E+002 0.0058109 0.58109E-002
0.16245E+002 0.0057637 0.57637E-002
0.16280E+002 0.0057014 0.57014E-002
0.16315E+002 0.0056281 0.56281E-002
0.16350E+002 0.0055478 0.55478E-002
0.16385E+002 0.0054645 0.54645E-002
0.16420E+002 0.0053817 0.53817E-002
0.16455E+002 0.0053021 0.53021E-002
0.16490E+002 0.0052271 0.52271E-002
0.16525E+002 0.0051576 0.51576E-002
0.16560E+002 0.0050934 0.50934E-002
0.16595E+002 0.0050342 0.50342E-002
0.16630E+002 0.0049793 0.49793E-002
0.16665E+002 0.0049288 0.49288E-002
0.16700E+002 0.004883 0.48830E-002
0.16735E+002 0.0048432 0.48432E-002
0.16770E+002 0.0048112 0.48112E-002
0.16805E+002 0.0047893 0.47893E-002
0.16840E+002 0.0047796 0.47796E-002
0.16875E+002 0.004784 0.47840E-002
0.16910E+002 0.0048035 0.48035E-002
0.16945E+002 0.004838 0.48380E-002
0.16980E+002 0.0048859 0.48859E-002
0.17015E+002 0.0049446 0.49446E-002
0.17050E+002 0.0050106 0.50106E-002
0.17085E+002 0.0050797 0.50797E-002
0.17120E+002 0.0051476 0.51476E-002
0.17155E+002 0.0052102 0.52102E-002
0.17190E+002 0.0052642 0.52642E-002
0.17225E+002 0.0053068 0.53068E-002
0.17260E+002 0.0053362 0.53362E-002
0.17295E+002 0.0053515 0.53515E-002
0.17330E+002 0.0053524 0.53524E-002
0.17365E+002 0.0053396 0.53396E-002
0.17400E+002 0.0053145 0.53145E-002
0.17435E+002 0.0052792 0.52792E-002
0.17470E+002 0.0052364 0.52364E-002
0.17505E+002 0.0051895 0.51895E-002
0.17540E+002 0.0051422 0.51422E-002
0.17575E+002 0.0050984 0.50984E-002
0.17610E+002 0.0050617 0.50617E-002
0.17645E+002 0.0050353 0.50353E-002
0.17680E+002 0.0050212 0.50212E-002
0.17715E+002 0.0050205 0.50205E-002
0.17750E+002 0.0050326 0.50326E-002
0.17785E+002 0.005056 0.50560E-002
0.17820E+002 0.0050877 0.50877E-002
0.17855E+002 0.0051239 0.51239E-002
0.17890E+002 0.0051603 0.51603E-002
0.17925E+002 0.0051926 0.51926E-002
0.17960E+002 0.0052167 0.52167E-002
0.17995E+002 0.0052291 0.52291E-002
0.18030E+002 0.0052273 0.52273E-002
0.18065E+002 0.0052099 0.52099E-002
0.18100E+002 0.0051771 0.51771E-002
0.18135E+002 0.0051305 0.51305E-002
0.18170E+002 0.0050729 0.50729E-002
0.18205E+002 0.0050088 0.50088E-002
0.18240E+002 0.0049432 0.49432E-002
0.18275E+002 0.0048818 0.48818E-002
0.18310E+002 0.0048303 0.48303E-002
0.18345E+002 0.0047934 0.47934E-002
0.18380E+002 0.0047748 0.47748E-002
0.18415E+002 0.0047766 0.47766E-002
0.18450E+002 0.0047989 0.47989E-002
0.18485E+002 0.0048401 0.48401E-002
0.18520E+002 0.0048972 0.48972E-002
0.18555E+002 0.0049659 0.49659E-002
0.18590E+002 0.0050414 0.50414E-002
0.18625E+002 0.0051188 0.51188E-002
0.18660E+002 0.0051935 0.51935E-002
0.18695E+002 0.0052617 0.52617E-002
0.18730E+002 0.0053208 0.53208E-002
0.18765E+002 0.0053689 0.53689E-002
0.18800E+002 0.0054053 0.54053E-002
0.18835E+002 0.0054303 0.54303E-002
0.18870E+002 0.005445 0.54450E-002
0.18905E+002 0.0054512 0.54512E-002
0.18940E+002 0.0054511 0.54511E-002
0.18975E+002 0.0054473 0.54473E-002
0.19010E+002 0.0054424 0.54424E-002
0.19045E+002 0.0054389 0.54389E-002
0.19080E+002 0.0054389 0.54389E-002
0.19115E+002 0.005444 0.54440E-002
0.19150E+002 0.005455 0.54550E-002
0.19185E+002 0.005472 0.54720E-002
0.19220E+002 0.0054943 0.54943E-002
0.19255E+002 0.0055208 0.55208E-002
0.19290E+002 0.0055497 0.55497E-002
0.19325E+002 0.0055792 0.55792E-002
0.19360E+002 0.0056074 0.56074E-002
0.19395E+002 0.0056327 0.56327E-002
0.19430E+002 0.0056537 0.56537E-002
0.19465E+002 0.0056695 0.56695E-002
0.19500E+002 0.0056793 0.56793E-002
0.19535E+002 0.0056829 0.56829E-002
0.19570E+002 0.0056799 0.56799E-002
0.19605E+002 0.0056702 0.56702E-002
0.19640E+002 0.0056536 0.56536E-002
0.19675E+002 0.0056299 0.56299E-002
0.19710E+002 0.005599 0.55990E-002
0.19745E+002 0.0055605 0.55605E-002
0.19780E+002 0.0055143 0.55143E-002
0.19815E+002 0.0054608 0.54608E-002
0.19850E+002 0.0054001 0.54001E-002
0.19885E+002 0.005333 0.53330E-002
0.19920E+002 0.0052605 0.52605E-002
0.19955E+002 0.0051836 0.51836E-002
0.19990E+002 0.0051037 0.51037E-002
0.20025E+002 0.0050218 0.50218E-002
0.20060E+002 0.0049387 0.49387E-002
0.20095E+002 0.0048552 0.48552E-002
0.20130E+002 0.0047716 0.47716E-002
0.20165E+002 0.0046884 0.46884E-002
0.20200E+002 0.004606 0.46060E-002
0.20235E+002 0.004525 0.45250E-002
0.20270E+002 0.0044468 0.44468E-002
0.20305E+002 0.0043727 0.43727E-002
0.20340E+002 0.004305 0.43050E-002
0.20375E+002 0.0042459 0.42459E-002
0.20410E+002 0.0041978 0.41978E-002
0.20445E+002 0.0041632 0.41632E-002
0.20480E+002 0.004144 0.41440E-002
0.20515E+002 0.0041418 0.41418E-002
0.20550E+002 0.0041574 0.41574E-002
0.20585E+002 0.0041907 0.41907E-002
0.20620E+002 0.0042407 0.42407E-002
0.20655E+002 0.0043054 0.43054E-002
0.20690E+002 0.0043817 0.43817E-002
0.20725E+002 0.0044654 0.44654E-002
0.20760E+002 0.004552 0.45520E-002
0.20795E+002 0.0046362 0.46362E-002
0.20830E+002 0.0047131 0.47131E-002
0.20865E+002 0.0047781 0.47781E-002
0.20900E+002 0.0048277 0.48277E-002
0.20935E+002 0.0048594 0.48594E-002
0.20970E+002 0.0048723 0.48723E-002
0.21005E+002 0.0048669 0.48669E-002
0.21040E+002 0.0048447 0.48447E-002
0.21075E+002 0.0048081 0.48081E-002
0.21110E+002 0.0047599 0.47599E-002
0.21145E+002 0.0047029 0.47029E-002
0.21180E+002 0.0046398 0.46398E-002
0.21215E+002 0.0045728 0.45728E-002
0.21250E+002 0.0045037 0.45037E-002
0.21285E+002 0.0044339 0.44339E-002
0.21320E+002 0.0043646 0.43646E-002
0.21355E+002 0.0042967 0.42967E-002
0.21390E+002 0.0042313 0.42313E-002
0.21425E+002 0.0041694 0.41694E-002
0.21460E+002 0.0041121 0.41121E-002
0.21495E+002 0.0040606 0.40606E-002
0.21530E+002 0.0040165 0.40165E-002
0.21565E+002 0.0039809 0.39809E-002
0.21600E+002 0.0039553 0.39553E-002
0.21635E+002 0.0039409 0.39409E-002
0.21670E+002 0.0039386 0.39386E-002
0.21705E+002 0.0039492 0.39492E-002
0.21740E+002 0.0039727 0.39727E-002
0.21775E+002 0.0040088 0.40088E-002
0.21810E+002 0.0040563 0.40563E-002
0.21845E+002 0.0041137 0.41137E-002
0.21880E+002 0.0041788 0.41788E-002
0.21915E+002 0.0042489 0.42489E-002
0.21950E+002 0.0043212 0.43212E-002
0.21985E+002 0.004393 0.43930E-002
0.22020E+002 0.0044617 0.44617E-002
0.22055E+002 0.0045253 0.45253E-002
0.22090E+002 0.0045822 0.45822E-002
0.22125E+002 0.0046314 0.46314E-002
0.22160E+002 0.0046722 0.46722E-002
0.22195E+002 0.0047042 0.47042E-002
0.22230E+002 0.004727 0.47270E-002
0.22265E+002 0.0047405 0.47405E-002
0.22300E+002 0.0047443 0.47443E-002
0.22335E+002 0.0047382 0.47382E-002
0.22370E+002 0.0047224 0.47224E-002
0.22405E+002 0.0046974 0.46974E-002
0.22440E+002 0.004664 0.46640E-002
0.22475E+002 0.004624 0.46240E-002
0.22510E+002 0.0045793 0.45793E-002
0.22545E+002 0.0045324 0.45324E-002
0.22580E+002 0.0044854 0.44854E-002
0.22615E+002 0.0044406 0.44406E-002
0.22650E+002 0.0043992 0.43992E-002
0.22685E+002 0.004362 0.43620E-002
0.22720E+002 0.0043291 0.43291E-002
0.22755E+002 0.0042996 0.42996E-002
0.22790E+002 0.0042725 0.42725E-002
0.22825E+002 0.0042464 0.42464E-002
0.22860E+002 0.0042201 0.42201E-002
0.22895E+002 0.0041928 0.41928E-002
0.22930E+002 0.0041642 0.41642E-002
0.22965E+002 0.0041343 0.41343E-002
0.23000E+002 0.0041035 0.41035E-002
0.23035E+002 0.0040724 0.40724E-002
0.23070E+002 0.0040415 0.40415E-002
0.23105E+002 0.004011 0.40110E-002
0.23140E+002 0.0039808 0.39808E-002
0.23175E+002 0.0039507 0.39507E-002
0.23210E+002 0.00392 0.39200E-002
0.23245E+002 0.0038885 0.38885E-002
0.23280E+002 0.0038561 0.38561E-002
0.23315E+002 0.0038236 0.38236E-002
0.23350E+002 0.0037921 0.37921E-002
0.23385E+002 0.0037635 0.37635E-002
0.23420E+002 0.00374 0.37400E-002
0.23455E+002 0.0037234 0.37234E-002
0.23490E+002 0.0037155 0.37155E-002
0.23525E+002 0.003717 0.37170E-002
0.23560E+002 0.0037279 0.37279E-002
0.23595E+002 0.0037472 0.37472E-002
0.23630E+002 0.003773 0.37730E-002
0.23665E+002 0.0038032 0.38032E-002
0.23700E+002 0.0038354 0.38354E-002
0.23735E+002 0.003867 0.38670E-002
0.23770E+002 0.0038961 0.38961E-002
0.23805E+002 0.0039208 0.39208E-002
0.23840E+002 0.0039398 0.39398E-002
0.23875E+002 0.0039519 0.39519E-002
0.23910E+002 0.0039564 0.39564E-002
0.23945E+002 0.0039525 0.39525E-002
0.23980E+002 0.0039401 0.39401E-002
0.24015E+002 0.0039193 0.39193E-002
0.24050E+002 0.0038908 0.38908E-002
0.24085E+002 0.0038561 0.38561E-002
0.24120E+002 0.0038172 0.38172E-002
0.24155E+002 0.0037771 0.37771E-002
0.24190E+002 0.003739 0.37390E-002
0.24225E+002 0.0037067 0.37067E-002
0.24260E+002 0.0036837 0.36837E-002
0.24295E+002 0.0036728 0.36728E-002
0.24330E+002 0.0036762 0.36762E-002
0.24365E+002 0.0036943 0.36943E-002
0.24400E+002 0.0037263 0.37263E-002
0.24435E+002 0.0037699 0.37699E-002
0.24470E+002 0.0038217 0.38217E-002
0.24505E+002 0.0038775 0.38775E-002
0.24540E+002 0.0039331 0.39331E-002
0.24575E+002 0.0039852 0.39852E-002
0.24610E+002 0.0040312 0.40312E-002
0.24645E+002 0.0040703 0.40703E-002
0.24680E+002 0.0041031 0.41031E-002
0.24715E+002 0.0041317 0.41317E-002
0.24750E+002 0.0041592 0.41592E-002
0.24785E+002 0.004189 0.41890E-002
0.24820E+002 0.0042246 0.42246E-002
0.24855E+002 0.0042685 0.42685E-002
0.24890E+002 0.0043222 0.43222E-002
0.24925E+002 0.0043859 0.43859E-002
0.24960E+002 0.0044581 0.44581E-002
0.24995E+002 0.0045364 0.45364E-002
0.25030E+002 0.0046174 0.46174E-002
0.25065E+002 0.0046975 0.46975E-002
0.25100E+002 0.0047728 0.47728E-002
0.25135E+002 0.0048403 0.48403E-002
0.25170E+002 0.0048975 0.48975E-002
0.25205E+002 0.0049429 0.49429E-002
0.25240E+002 0.0049763 0.49763E-002
0.25275E+002 0.004998 0.49980E-002
0.25310E+002 0.0050094 0.50094E-002
0.25345E+002 0.0050121 0.50121E-002
0.25380E+002 0.005008 0.50080E-002
0.25415E+002 0.0049987 0.49987E-002
0.25450E+002 0.0049855 0.49855E-002
0.25485E+002 0.0049689 0.49689E-002
0.25520E+002 0.004949 0.49490E-002
0.25555E+002 0.0049251 0.49251E-002
0.25590E+002 0.0048964 0.48964E-002
0.25625E+002 0.004862 0.48620E-002
0.25660E+002 0.0048215 0.48215E-002
0.25695E+002 0.0047752 0.47752E-002
0.25730E+002 0.0047242 0.47242E-002
0.25765E+002 0.0046703 0.46703E-002
0.25800E+002 0.0046161 0.46161E-002
0.25835E+002 0.0045643 0.45643E-002
0.25870E+002 0.0045174 0.45174E-002
0.25905E+002 0.0044773 0.44773E-002
0.25940E+002 0.0044448 0.44448E-002
0.25975E+002 0.00442 0.44200E-002
0.26010E+002 0.004402 0.44020E-002
0.26045E+002 0.0043896 0.43896E-002
0.26080E+002 0.0043811 0.43811E-002
0.26115E+002 0.0043752 0.43752E-002
0.26150E+002 0.0043712 0.43712E-002
0.26185E+002 0.0043687 0.43687E-002
0.26220E+002 0.0043679 0.43679E-002
0.26255E+002 0.0043693 0.43693E-002
0.26290E+002 0.0043731 0.43731E-002
0.26325E+002 0.0043795 0.43795E-002
0.26360E+002 0.004388 0.43880E-002
0.26395E+002 0.0043979 0.43979E-002
0.26430E+002 0.0044076 0.44076E-002
0.26465E+002 0.0044157 0.44157E-002
0.26500E+002 0.0044206 0.44206E-002
0.26535E+002 0.004421 0.44210E-002
0.26570E+002 0.0044164 0.44164E-002
0.26605E+002 0.0044068 0.44068E-002
0.26640E+002 0.0043931 0.43931E-002
0.26675E+002 0.0043765 0.43765E-002
0.26710E+002 0.0043588 0.43588E-002
0.26745E+002 0.0043416 0.43416E-002
0.26780E+002 0.0043259 0.43259E-002
0.26815E+002 0.0043124 0.43124E-002
0.26850E+002 0.0043004 0.43004E-002
0.26885E+002 0.0042887 0.42887E-002
0.26920E+002 0.0042752 0.42752E-002
0.26955E+002 0.0042575 0.42575E-002
0.26990E+002 0.0042331 0.42331E-002
0.27025E+002 0.0042002 0.42002E-002
0.27060E+002 0.0041573 0.41573E-002
0.27095E+002 0.0041042 0.41042E-002
0.27130E+002 0.0040416 0.40416E-002
0.27165E+002 0.0039713 0.39713E-002
0.27200E+002 0.0038958 0.38958E-002
0.27235E+002 0.0038178 0.38178E-002
0.27270E+002 0.0037408 0.37408E-002
0.27305E+002 0.0036677 0.36677E-002
0.27340E+002 0.0036014 0.36014E-002
0.27375E+002 0.0035441 0.35441E-002
0.27410E+002 0.0034973 0.34973E-002
0.27445E+002 0.0034619 0.34619E-002
0.27480E+002 0.0034377 0.34377E-002
0.27515E+002 0.0034238 0.34238E-002
0.27550E+002 0.0034184 0.34184E-002
0.27585E+002 0.0034191 0.34191E-002
0.27620E+002 0.0034232 0.34232E-002
0.27655E+002 0.0034281 0.34281E-002
0.27690E+002 0.0034314 0.34314E-002
0.27725E+002 0.0034314 0.34314E-002
0.27760E+002 0.0034274 0.34274E-002
0.27795E+002 0.0034197 0.34197E-002
0.27830E+002 0.0034096 0.34096E-002
0.27865E+002 0.0033992 0.33992E-002
0.27900E+002 0.0033911 0.33911E-002
0.27935E+002 0.0033877 0.33877E-002
0.27970E+002 0.0033911 0.33911E-002
0.28005E+002 0.0034027 0.34027E-002
0.28040E+002 0.0034225 0.34225E-002
0.28075E+002 0.0034497 0.34497E-002
0.28110E+002 0.0034824 0.34824E-002
0.28145E+002 0.0035179 0.35179E-002
0.28180E+002 0.0035532 0.35532E-002
0.28215E+002 0.0035854 0.35854E-002
0.28250E+002 0.0036119 0.36119E-002
0.28285E+002 0.0036309 0.36309E-002
0.28320E+002 0.003641 0.36410E-002
0.28355E+002 0.0036413 0.36413E-002
0.28390E+002 0.0036315 0.36315E-002
0.28425E+002 0.0036113 0.36113E-002
0.28460E+002 0.0035805 0.35805E-002
0.28495E+002 0.0035388 0.35388E-002
0.28530E+002 0.0034864 0.34864E-002
0.28565E+002 0.0034236 0.34236E-002
0.28600E+002 0.0033514 0.33514E-002
0.28635E+002 0.0032716 0.32716E-002
0.28670E+002 0.0031871 0.31871E-002
0.28705E+002 0.0031011 0.31011E-002
0.28740E+002 0.0030176 0.30176E-002
0.28775E+002 0.0029405 0.29405E-002
0.28810E+002 0.0028731 0.28731E-002
0.28845E+002 0.0028175 0.28175E-002
0.28880E+002 0.0027747 0.27747E-002
0.28915E+002 0.0027441 0.27441E-002
0.28950E+002 0.0027238 0.27238E-002
0.28985E+002 0.002711 0.27110E-002
0.29020E+002 0.0027025 0.27025E-002
0.29055E+002 0.0026953 0.26953E-002
0.29090E+002 0.0026869 0.26869E-002
0.29125E+002 0.002676 0.26760E-002
0.29160E+002 0.0026624 0.26624E-002
0.29195E+002 0.0026468 0.26468E-002
0.29230E+002 0.0026308 0.26308E-002
0.29265E+002 0.0026164 0.26164E-002
0.29300E+002 0.0026055 0.26055E-002
0.29335E+002 0.0025997 0.25997E-002
0.29370E+002 0.0025998 0.25998E-002
0.29405E+002 0.0026057 0.26057E-002
0.29440E+002 0.0026167 0.26167E-002
0.29475E+002 0.0026311 0.26311E-002
0.29510E+002 0.0026468 0.26468E-002
0.29545E+002 0.0026616 0.26616E-002
0.29580E+002 0.0026729 0.26729E-002
0.29615E+002 0.0026789 0.26789E-002
0.29650E+002 0.0026779 0.26779E-002
0.29685E+002 0.0026692 0.26692E-002
0.29720E+002 0.0026527 0.26527E-002
0.29755E+002 0.0026292 0.26292E-002
0.29790E+002 0.0026004 0.26004E-002
0.29825E+002 0.0025681 0.25681E-002
0.29860E+002 0.002535 0.25350E-002
0.29895E+002 0.0025033 0.25033E-002
0.29930E+002 0.0024754 0.24754E-002
0.29965E+002 0.0024529 0.24529E-002
