# 0 Applied
-0.50000E+001 0 0.00000E+000
-0.49650E+001 0 0.00000E+000
-0.49300E+001 0 0.00000E+000
-0.48950E+001 0 0.00000E+000
-0.48600E+001 0 0.00000E+000
-0.48250E+001 0 0.00000E+000
-0.47900E+001 0 0.00000E+000
-0.47550E+001 0 0.00000E+000
-0.47200E+001 0 0.00000E+000
-0.46850E+001 0 0.00000E+000
-0.46500E+001 0 0.00000E+000
-0.46150E+001 0 0.00000E+000
-0.45800E+001 0 0.00000E+000
-0.45450E+001 0 0.00000E+000
-0.45100E+001 0 0.00000E+000
-0.44750E+001 0 0.00000E+000
-0.44400E+001 0 0.00000E+000
-0.44050E+001 0 0.00000E+000
-0.43700E+001 0 0.00000E+000
-0.43350E+001 0 0.00000E+000
-0.43000E+001 0 0.00000E+000
-0.42650E+001 0 0.00000E+000
-0.42300E+001 0 0.00000E+000
-0.41950E+001 0 0.00000E+000
-0.41600E+001 0 0.00000E+000
-0.41250E+001 0 0.00000E+000
-0.40900E+001 0 0.00000E+000
-0.40550E+001 0 0.00000E+000
-0.40200E+001 0 0.00000E+000
-0.39850E+001 0 0.00000E+000
-0.39500E+001 0 0.00000E+000
-0.39150E+001 0 0.00000E+000
-0.38800E+001 0 0.00000E+000
-0.38450E+001 0 0.00000E+000
-0.38100E+001 0 0.00000E+000
-0.37750E+001 0 0.00000E+000
-0.37400E+001 0 0.00000E+000
-0.37050E+001 0 0.00000E+000
-0.36700E+001 0 0.00000E+000
-0.36350E+001 0 0.00000E+000
-0.36000E+001 3.4589e-305 0.34589E-304
-0.35650E+001 2.3173e-302 0.23173E-301
-0.35300E+001 1.5014e-299 0.15014E-298
-0.34950E+001 9.4339e-297 0.94339E-296
-0.34600E+001 5.7491e-294 0.57491E-293
-0.34250E+001 3.3979e-291 0.33979E-290
-0.33900E+001 1.9477e-288 0.19477E-287
-0.33550E+001 1.0828e-285 0.10828E-284
-0.33200E+001 5.838e-283 0.58380E-282
-0.32850E+001 3.0528e-280 0.30528E-279
-0.32500E+001 1.5482e-277 0.15482E-276
-0.32150E+001 7.6149e-275 0.76149E-274
-0.31800E+001 3.6325e-272 0.36325E-271
-0.31450E+001 1.6805e-269 0.16805E-268
-0.31100E+001 7.5405e-267 0.75405E-266
-0.30750E+001 3.2813e-264 0.32813E-263
-0.30400E+001 1.3849e-261 0.13849E-260
-0.30050E+001 5.6686e-259 0.56686E-258
-0.29700E+001 2.2503e-256 0.22503E-255
-0.29350E+001 8.6639e-254 0.86639E-253
-0.29000E+001 3.2351e-251 0.32351E-250
-0.28650E+001 1.1716e-248 0.11716E-247
-0.28300E+001 4.1149e-246 0.41149E-245
-0.27950E+001 1.4017e-243 0.14017E-242
-0.27600E+001 4.6306e-241 0.46306E-240
-0.27250E+001 1.4837e-238 0.14837E-237
-0.26900E+001 4.6104e-236 0.46104E-235
-0.26550E+001 1.3895e-233 0.13895E-232
-0.26200E+001 4.0613e-231 0.40613E-230
-0.25850E+001 1.1513e-228 0.11513E-227
-0.25500E+001 3.1652e-226 0.31652E-225
-0.25150E+001 8.4399e-224 0.84399E-223
-0.24800E+001 2.1826e-221 0.21826E-220
-0.24450E+001 5.474e-219 0.54740E-218
-0.24100E+001 1.3315e-216 0.13315E-215
-0.23750E+001 3.1412e-214 0.31412E-213
-0.23400E+001 7.187e-212 0.71870E-211
-0.23050E+001 1.5948e-209 0.15948E-208
-0.22700E+001 3.4322e-207 0.34322E-206
-0.22350E+001 7.1637e-205 0.71637E-204
-0.22000E+001 1.4501e-202 0.14501E-201
-0.21650E+001 2.847e-200 0.28470E-199
-0.21300E+001 5.4209e-198 0.54209E-197
-0.20950E+001 1.0011e-195 0.10011E-194
-0.20600E+001 1.7929e-193 0.17929E-192
-0.20250E+001 3.1143e-191 0.31143E-190
-0.19900E+001 5.2464e-189 0.52464E-188
-0.19550E+001 8.5718e-187 0.85718E-186
-0.19200E+001 1.3583e-184 0.13583E-183
-0.18850E+001 2.0874e-182 0.20874E-181
-0.18500E+001 3.1112e-180 0.31112E-179
-0.18150E+001 4.4975e-178 0.44975E-177
-0.17800E+001 6.3053e-176 0.63053E-175
-0.17450E+001 8.5733e-174 0.85733E-173
-0.17100E+001 1.1306e-171 0.11306E-170
-0.16750E+001 1.4459e-169 0.14459E-168
-0.16400E+001 1.7935e-167 0.17935E-166
-0.16050E+001 2.1576e-165 0.21576E-164
-0.15700E+001 2.5174e-163 0.25174E-162
-0.15350E+001 2.8486e-161 0.28486E-160
-0.15000E+001 3.1262e-159 0.31262E-158
-0.14650E+001 3.3274e-157 0.33274E-156
-0.14300E+001 3.4348e-155 0.34348E-154
-0.13950E+001 3.4387e-153 0.34387E-152
-0.13600E+001 3.3389e-151 0.33389E-150
-0.13250E+001 3.1443e-149 0.31443E-148
-0.12900E+001 2.8717e-147 0.28717E-146
-0.12550E+001 2.5437e-145 0.25437E-144
-0.12200E+001 2.1852e-143 0.21852E-142
-0.11850E+001 1.8207e-141 0.18207E-140
-0.11500E+001 1.4712e-139 0.14712E-138
-0.11150E+001 1.153e-137 0.11530E-136
-0.10800E+001 8.7637e-136 0.87637E-135
-0.10450E+001 6.4603e-134 0.64603E-133
-0.10100E+001 4.6187e-132 0.46187E-131
-0.97500E+000 3.2026e-130 0.32026E-129
-0.94000E+000 2.1537e-128 0.21537E-127
-0.90500E+000 1.4047e-126 0.14047E-125
-0.87000E+000 8.8852e-125 0.88852E-124
-0.83500E+000 5.4509e-123 0.54509E-122
-0.80000E+000 3.2433e-121 0.32433E-120
-0.76500E+000 1.8715e-119 0.18715E-118
-0.73000E+000 1.0474e-117 0.10474E-116
-0.69500E+000 5.6853e-116 0.56853E-115
-0.66000E+000 2.9929e-114 0.29929E-113
-0.62500E+000 1.528e-112 0.15280E-111
-0.59000E+000 7.5663e-111 0.75663E-110
-0.55500E+000 3.6337e-109 0.36337E-108
-0.52000E+000 1.6924e-107 0.16924E-106
-0.48500E+000 7.6451e-106 0.76451E-105
-0.45000E+000 3.3494e-104 0.33494E-103
-0.41500E+000 1.4232e-102 0.14232E-101
-0.38000E+000 5.8647e-101 0.58647E-100
-0.34500E+000 2.344e-99 0.23440E-098
-0.31000E+000 9.0857e-98 0.90857E-097
-0.27500E+000 3.4157e-96 0.34157E-095
-0.24000E+000 1.2454e-94 0.12454E-093
-0.20500E+000 4.4039e-93 0.44039E-092
-0.17000E+000 1.5103e-91 0.15103E-090
-0.13500E+000 5.0237e-90 0.50237E-089
-0.10000E+000 1.6206e-88 0.16206E-087
-0.65000E-001 5.0704e-87 0.50704E-086
-0.30000E-001 1.5386e-85 0.15386E-084
0.50000E-002 4.5279e-84 0.45279E-083
0.40000E-001 1.2924e-82 0.12924E-081
0.75000E-001 3.5775e-81 0.35775E-080
0.11000E+000 9.6047e-80 0.96047E-079
0.14500E+000 2.5009e-78 0.25009E-077
0.18000E+000 6.3156e-77 0.63156E-076
0.21500E+000 1.5468e-75 0.15468E-074
0.25000E+000 3.6744e-74 0.36744E-073
0.28500E+000 8.465e-73 0.84650E-072
0.32000E+000 1.8914e-71 0.18914E-070
0.35500E+000 4.0987e-70 0.40987E-069
0.39000E+000 8.6143e-69 0.86143E-068
0.42500E+000 1.7559e-67 0.17559E-066
0.46000E+000 3.4713e-66 0.34713E-065
0.49500E+000 6.6556e-65 0.66556E-064
0.53000E+000 1.2376e-63 0.12376E-062
0.56500E+000 2.2321e-62 0.22321E-061
0.60000E+000 3.9042e-61 0.39042E-060
0.63500E+000 6.6233e-60 0.66233E-059
0.67000E+000 1.0897e-58 0.10897E-057
0.70500E+000 1.7389e-57 0.17389E-056
0.74000E+000 2.6911e-56 0.26911E-055
0.77500E+000 4.0393e-55 0.40393E-054
0.81000E+000 5.8801e-54 0.58801E-053
0.84500E+000 8.3019e-53 0.83019E-052
0.88000E+000 1.1368e-51 0.11368E-050
0.91500E+000 1.5097e-50 0.15097E-049
0.95000E+000 1.9445e-49 0.19445E-048
0.98500E+000 2.4291e-48 0.24291E-047
0.10200E+001 2.9429e-47 0.29429E-046
0.10550E+001 3.458e-46 0.34580E-045
0.10900E+001 3.9408e-45 0.39408E-044
0.11250E+001 4.3557e-44 0.43557E-043
0.11600E+001 4.6692e-43 0.46692E-042
0.11950E+001 4.8544e-42 0.48544E-041
0.12300E+001 4.8948e-41 0.48948E-040
0.12650E+001 4.7868e-40 0.47868E-039
0.13000E+001 4.5401e-39 0.45401E-038
0.13350E+001 4.1764e-38 0.41764E-037
0.13700E+001 3.726e-37 0.37260E-036
0.14050E+001 3.2241e-36 0.32241E-035
0.14400E+001 2.7056e-35 0.27056E-034
0.14750E+001 2.2021e-34 0.22021E-033
0.15100E+001 1.7383e-33 0.17383E-032
0.15450E+001 1.3309e-32 0.13309E-031
0.15800E+001 9.882e-32 0.98820E-031
0.16150E+001 7.1165e-31 0.71165E-030
0.16500E+001 4.9705e-30 0.49705E-029
0.16850E+001 3.367e-29 0.33670E-028
0.17200E+001 2.2121e-28 0.22121E-027
0.17550E+001 1.4095e-27 0.14095E-026
0.17900E+001 8.7107e-27 0.87107E-026
0.18250E+001 5.2209e-26 0.52209E-025
0.18600E+001 3.0349e-25 0.30349E-024
0.18950E+001 1.7111e-24 0.17111E-023
0.19300E+001 9.356e-24 0.93560E-023
0.19650E+001 4.9617e-23 0.49617E-022
0.20000E+001 2.552e-22 0.25520E-021
0.20350E+001 1.2731e-21 0.12731E-020
0.20700E+001 6.1593e-21 0.61593E-020
0.21050E+001 2.8901e-20 0.28901E-019
0.21400E+001 1.3153e-19 0.13153E-018
0.21750E+001 5.8055e-19 0.58055E-018
0.22100E+001 2.4852e-18 0.24852E-017
0.22450E+001 1.0318e-17 0.10318E-016
0.22800E+001 4.155e-17 0.41550E-016
0.23150E+001 1.6227e-16 0.16227E-015
0.23500E+001 6.1463e-16 0.61463E-015
0.23850E+001 2.2579e-15 0.22579E-014
0.24200E+001 8.0449e-15 0.80449E-014
0.24550E+001 2.78e-14 0.27800E-013
0.24900E+001 9.3171e-14 0.93171E-013
0.25250E+001 3.0285e-13 0.30285E-012
0.25600E+001 9.5476e-13 0.95476E-012
0.25950E+001 2.9192e-12 0.29192E-011
0.26300E+001 8.6569e-12 0.86569E-011
0.26650E+001 2.4898e-11 0.24898E-010
0.27000E+001 6.9453e-11 0.69453E-010
0.27350E+001 1.879e-10 0.18790E-009
0.27700E+001 4.9303e-10 0.49303E-009
0.28050E+001 1.2547e-09 0.12547E-008
0.28400E+001 3.0968e-09 0.30968E-008
0.28750E+001 7.4132e-09 0.74132E-008
0.29100E+001 1.7211e-08 0.17211E-007
0.29450E+001 3.8756e-08 0.38756E-007
0.29800E+001 8.4641e-08 0.84641E-007
0.30150E+001 1.7928e-07 0.17928E-006
0.30500E+001 3.683e-07 0.36830E-006
0.30850E+001 7.3381e-07 0.73381E-006
0.31200E+001 1.418e-06 0.14180E-005
0.31550E+001 2.6577e-06 0.26577E-005
0.31900E+001 4.831e-06 0.48310E-005
0.32250E+001 8.5169e-06 0.85169E-005
0.32600E+001 1.4563e-05 0.14563E-004
0.32950E+001 2.415e-05 0.24150E-004
0.33300E+001 3.8844e-05 0.38844E-004
0.33650E+001 6.0594e-05 0.60594E-004
0.34000E+001 9.1677e-05 0.91677E-004
0.34350E+001 0.00013453 0.13453E-003
0.34700E+001 0.00019146 0.19146E-003
0.35050E+001 0.00026427 0.26427E-003
0.35400E+001 0.00035379 0.35379E-003
0.35750E+001 0.00045936 0.45936E-003
0.36100E+001 0.00057847 0.57847E-003
0.36450E+001 0.00070653 0.70653E-003
0.36800E+001 0.00083694 0.83694E-003
0.37150E+001 0.00096155 0.96155E-003
0.37500E+001 0.0010715 0.10715E-002
0.37850E+001 0.0011579 0.11579E-002
0.38200E+001 0.0012137 0.12137E-002
0.38550E+001 0.0012339 0.12339E-002
0.38900E+001 0.0012166 0.12166E-002
0.39250E+001 0.0011634 0.11634E-002
0.39600E+001 0.001079 0.10790E-002
0.39950E+001 0.00097065 0.97065E-003
0.40300E+001 0.00084684 0.84684E-003
0.40650E+001 0.00071658 0.71658E-003
0.41000E+001 0.00058809 0.58809E-003
0.41350E+001 0.0004681 0.46810E-003
0.41700E+001 0.00036138 0.36138E-003
0.42050E+001 0.00027058 0.27058E-003
0.42400E+001 0.00019649 0.19649E-003
0.42750E+001 0.0001384 0.13840E-003
0.43100E+001 9.4542e-05 0.94542E-004
0.43450E+001 6.264e-05 0.62640E-004
0.43800E+001 4.0259e-05 0.40259E-004
0.44150E+001 2.5107e-05 0.25107E-004
0.44500E+001 1.5214e-05 0.15214E-004
0.44850E+001 9.0044e-06 0.90044E-005
0.45200E+001 5.3053e-06 0.53053E-005
0.45550E+001 3.3178e-06 0.33178E-005
0.45900E+001 2.5786e-06 0.25786E-005
0.46250E+001 2.9371e-06 0.29371E-005
0.46600E+001 4.5634e-06 0.45634E-005
0.46950E+001 8.0008e-06 0.80008E-005
0.47300E+001 1.4266e-05 0.14266E-004
0.47650E+001 2.4993e-05 0.24993E-004
0.48000E+001 4.2617e-05 0.42617E-004
0.48350E+001 7.0542e-05 0.70542E-004
0.48700E+001 0.00011328 0.11328E-003
0.49050E+001 0.00017643 0.17643E-003
0.49400E+001 0.00026653 0.26653E-003
0.49750E+001 0.00039052 0.39052E-003
0.50100E+001 0.00055496 0.55496E-003
0.50450E+001 0.0007649 0.76490E-003
0.50800E+001 0.0010225 0.10225E-002
0.51150E+001 0.0013257 0.13257E-002
0.51500E+001 0.0016671 0.16671E-002
0.51850E+001 0.0020333 0.20333E-002
0.52200E+001 0.0024052 0.24052E-002
0.52550E+001 0.0027595 0.27595E-002
0.52900E+001 0.0030706 0.30706E-002
0.53250E+001 0.003314 0.33140E-002
0.53600E+001 0.003469 0.34690E-002
0.53950E+001 0.0035219 0.35219E-002
0.54300E+001 0.003468 0.34680E-002
0.54650E+001 0.0033121 0.33121E-002
0.55000E+001 0.003068 0.30680E-002
0.55350E+001 0.0027563 0.27563E-002
0.55700E+001 0.0024017 0.24017E-002
0.56050E+001 0.0020298 0.20298E-002
0.56400E+001 0.0016638 0.16638E-002
0.56750E+001 0.0013227 0.13227E-002
0.57100E+001 0.0010199 0.10199E-002
0.57450E+001 0.00076276 0.76276E-003
0.57800E+001 0.00055327 0.55327E-003
0.58150E+001 0.00038924 0.38924E-003
0.58500E+001 0.00026559 0.26559E-003
0.58850E+001 0.00017577 0.17577E-003
0.59200E+001 0.00011282 0.11282E-003
0.59550E+001 7.024e-05 0.70240E-004
0.59900E+001 4.2413e-05 0.42413E-004
0.60250E+001 2.4839e-05 0.24839E-004
0.60600E+001 1.4109e-05 0.14109E-004
0.60950E+001 7.7729e-06 0.77729E-005
0.61300E+001 4.1534e-06 0.41534E-005
0.61650E+001 2.1525e-06 0.21525E-005
0.62000E+001 1.082e-06 0.10820E-005
0.62350E+001 5.2749e-07 0.52749E-006
0.62700E+001 2.4943e-07 0.24943E-006
0.63050E+001 1.1439e-07 0.11439E-006
0.63400E+001 5.0884e-08 0.50884E-007
0.63750E+001 2.1953e-08 0.21953E-007
0.64100E+001 9.1862e-09 0.91862E-008
0.64450E+001 3.7282e-09 0.37282E-008
0.64800E+001 1.4676e-09 0.14676E-008
0.65150E+001 5.6031e-10 0.56031E-009
0.65500E+001 2.0748e-10 0.20748E-009
0.65850E+001 7.4519e-11 0.74519E-010
0.66200E+001 2.5959e-11 0.25959E-010
0.66550E+001 8.7706e-12 0.87706E-011
0.66900E+001 2.8741e-12 0.28741E-011
0.67250E+001 9.1349e-13 0.91349E-012
0.67600E+001 2.816e-13 0.28160E-012
0.67950E+001 8.4197e-14 0.84197E-013
0.68300E+001 2.4417e-14 0.24417E-013
0.68650E+001 6.8677e-15 0.68677E-014
0.69000E+001 1.8735e-15 0.18735E-014
0.69350E+001 4.9573e-16 0.49573E-015
0.69700E+001 1.2722e-16 0.12722E-015
0.70050E+001 3.1667e-17 0.31667E-016
0.70400E+001 7.645e-18 0.76450E-017
0.70750E+001 1.7901e-18 0.17901E-017
0.71100E+001 4.0656e-19 0.40656E-018
0.71450E+001 8.9555e-20 0.89555E-019
0.71800E+001 1.9133e-20 0.19133E-019
0.72150E+001 3.9648e-21 0.39648E-020
0.72500E+001 7.9685e-22 0.79685E-021
0.72850E+001 1.5534e-22 0.15534E-021
0.73200E+001 2.9369e-23 0.29369E-022
0.73550E+001 5.3858e-24 0.53858E-023
0.73900E+001 9.5794e-25 0.95794E-024
0.74250E+001 1.6526e-25 0.16526E-024
0.74600E+001 2.7651e-26 0.27651E-025
0.74950E+001 4.4874e-27 0.44874E-026
0.75300E+001 7.0633e-28 0.70633E-027
0.75650E+001 1.0783e-28 0.10783E-027
0.76000E+001 1.5967e-29 0.15967E-028
0.76350E+001 2.2932e-30 0.22932E-029
0.76700E+001 3.1944e-31 0.31944E-030
0.77050E+001 4.3158e-32 0.43158E-031
0.77400E+001 5.6555e-33 0.56555E-032
0.77750E+001 7.1881e-34 0.71881E-033
0.78100E+001 8.8612e-35 0.88612E-034
0.78450E+001 1.0602e-35 0.10602E-034
0.78800E+001 1.287e-36 0.12870E-035
0.79150E+001 6.1193e-37 0.61193E-036
0.79500E+001 3.7462e-36 0.37462E-035
0.79850E+001 2.8506e-35 0.28506E-034
0.80200E+001 2.1124e-34 0.21124E-033
0.80550E+001 1.5185e-33 0.15185E-032
0.80900E+001 1.0589e-32 0.10589E-031
0.81250E+001 7.1631e-32 0.71631E-031
0.81600E+001 4.7006e-31 0.47006E-030
0.81950E+001 2.9924e-30 0.29924E-029
0.82300E+001 1.8481e-29 0.18481E-028
0.82650E+001 1.1073e-28 0.11073E-027
0.83000E+001 6.4365e-28 0.64365E-027
0.83350E+001 3.6299e-27 0.36299E-026
0.83700E+001 1.9862e-26 0.19862E-025
0.84050E+001 1.0544e-25 0.10544E-024
0.84400E+001 5.4316e-25 0.54316E-024
0.84750E+001 2.7149e-24 0.27149E-023
0.85100E+001 1.3168e-23 0.13168E-022
0.85450E+001 6.1974e-23 0.61974E-022
0.85800E+001 2.8307e-22 0.28307E-021
0.86150E+001 1.2547e-21 0.12547E-020
0.86500E+001 5.3979e-21 0.53979E-020
0.86850E+001 2.2539e-20 0.22539E-019
0.87200E+001 9.1346e-20 0.91346E-019
0.87550E+001 3.5936e-19 0.35936E-018
0.87900E+001 1.3724e-18 0.13724E-017
0.88250E+001 5.0884e-18 0.50884E-017
0.88600E+001 1.8317e-17 0.18317E-016
0.88950E+001 6.4019e-17 0.64019E-016
0.89300E+001 2.1727e-16 0.21727E-015
0.89650E+001 7.161e-16 0.71610E-015
0.90000E+001 2.2922e-15 0.22922E-014
0.90350E+001 7.1264e-15 0.71264E-014
0.90700E+001 2.1522e-14 0.21522E-013
0.91050E+001 6.3142e-14 0.63142E-013
0.91400E+001 1.7998e-13 0.17998E-012
0.91750E+001 4.9851e-13 0.49851E-012
0.92100E+001 1.3418e-12 0.13418E-011
0.92450E+001 3.5099e-12 0.35099E-011
0.92800E+001 8.9244e-12 0.89244E-011
0.93150E+001 2.2059e-11 0.22059E-010
0.93500E+001 5.301e-11 0.53010E-010
0.93850E+001 1.2387e-10 0.12387E-009
0.94200E+001 2.8148e-10 0.28148E-009
0.94550E+001 6.2211e-10 0.62211E-009
0.94900E+001 1.3375e-09 0.13375E-008
0.95250E+001 2.7974e-09 0.27974E-008
0.95600E+001 5.6931e-09 0.56931E-008
0.95950E+001 1.1275e-08 0.11275E-007
0.96300E+001 2.1733e-08 0.21733E-007
0.96650E+001 4.0778e-08 0.40778E-007
0.97000E+001 7.4493e-08 0.74493E-007
0.97350E+001 1.3251e-07 0.13251E-006
0.97700E+001 2.2957e-07 0.22957E-006
0.98050E+001 3.8743e-07 0.38743E-006
0.98400E+001 6.3707e-07 0.63707E-006
0.98750E+001 1.0209e-06 0.10209E-005
0.99100E+001 1.5949e-06 0.15949E-005
0.99450E+001 2.4298e-06 0.24298E-005
0.99800E+001 3.6113e-06 0.36113E-005
0.10015E+002 5.2383e-06 0.52383E-005
0.10050E+002 7.42e-06 0.74200E-005
0.10085E+002 1.027e-05 0.10270E-004
0.10120E+002 1.39e-05 0.13900E-004
0.10155E+002 1.8411e-05 0.18411E-004
0.10190E+002 2.3892e-05 0.23892E-004
0.10225E+002 3.0408e-05 0.30408E-004
0.10260E+002 3.8004e-05 0.38004E-004
0.10295E+002 4.6707e-05 0.46707E-004
0.10330E+002 5.6526e-05 0.56526E-004
0.10365E+002 6.7465e-05 0.67465E-004
0.10400E+002 7.9522e-05 0.79522E-004
0.10435E+002 9.2699e-05 0.92699E-004
0.10470E+002 0.00010701 0.10701E-003
0.10505E+002 0.00012246 0.12246E-003
0.10540E+002 0.00013911 0.13911E-003
0.10575E+002 0.00015701 0.15701E-003
0.10610E+002 0.00017632 0.17632E-003
0.10645E+002 0.00019725 0.19725E-003
0.10680E+002 0.00022019 0.22019E-003
0.10715E+002 0.00024566 0.24566E-003
0.10750E+002 0.00027444 0.27444E-003
0.10785E+002 0.00030746 0.30746E-003
0.10820E+002 0.00034588 0.34588E-003
0.10855E+002 0.00039094 0.39094E-003
0.10890E+002 0.00044389 0.44389E-003
0.10925E+002 0.00050585 0.50585E-003
0.10960E+002 0.00057764 0.57764E-003
0.10995E+002 0.00065963 0.65963E-003
0.11030E+002 0.00075157 0.75157E-003
0.11065E+002 0.00085246 0.85246E-003
0.11100E+002 0.00096054 0.96054E-003
0.11135E+002 0.0010732 0.10732E-002
0.11170E+002 0.0011873 0.11873E-002
0.11205E+002 0.0012988 0.12988E-002
0.11240E+002 0.0014037 0.14037E-002
0.11275E+002 0.0014977 0.14977E-002
0.11310E+002 0.0015768 0.15768E-002
0.11345E+002 0.0016375 0.16375E-002
0.11380E+002 0.0016771 0.16771E-002
0.11415E+002 0.0016937 0.16937E-002
0.11450E+002 0.0016864 0.16864E-002
0.11485E+002 0.0016553 0.16553E-002
0.11520E+002 0.0016018 0.16018E-002
0.11555E+002 0.0015281 0.15281E-002
0.11590E+002 0.0014374 0.14374E-002
0.11625E+002 0.0013334 0.13334E-002
0.11660E+002 0.0012207 0.12207E-002
0.11695E+002 0.0011039 0.11039E-002
0.11730E+002 0.00098747 0.98747E-003
0.11765E+002 0.00087552 0.87552E-003
0.11800E+002 0.0007715 0.77150E-003
0.11835E+002 0.00067797 0.67797E-003
0.11870E+002 0.00059647 0.59647E-003
0.11905E+002 0.00052755 0.52755E-003
0.11940E+002 0.00047084 0.47084E-003
0.11975E+002 0.0004252 0.42520E-003
0.12010E+002 0.00038898 0.38898E-003
0.12045E+002 0.00036021 0.36021E-003
0.12080E+002 0.00033684 0.33684E-003
0.12115E+002 0.00031699 0.31699E-003
0.12150E+002 0.00029904 0.29904E-003
0.12185E+002 0.00028181 0.28181E-003
0.12220E+002 0.00026456 0.26456E-003
0.12255E+002 0.00024701 0.24701E-003
0.12290E+002 0.00022925 0.22925E-003
0.12325E+002 0.00021171 0.21171E-003
0.12360E+002 0.00019493 0.19493E-003
0.12395E+002 0.00017953 0.17953E-003
0.12430E+002 0.00016606 0.16606E-003
0.12465E+002 0.00015489 0.15489E-003
0.12500E+002 0.00014623 0.14623E-003
0.12535E+002 0.00014003 0.14003E-003
0.12570E+002 0.00013609 0.13609E-003
0.12605E+002 0.00013406 0.13406E-003
0.12640E+002 0.00013348 0.13348E-003
0.12675E+002 0.0001339 0.13390E-003
0.12710E+002 0.00013487 0.13487E-003
0.12745E+002 0.000136 0.13600E-003
0.12780E+002 0.00013699 0.13699E-003
0.12815E+002 0.00013761 0.13761E-003
0.12850E+002 0.0001377 0.13770E-003
0.12885E+002 0.00013719 0.13719E-003
0.12920E+002 0.00013606 0.13606E-003
0.12955E+002 0.00013434 0.13434E-003
0.12990E+002 0.00013211 0.13211E-003
0.13025E+002 0.00012946 0.12946E-003
0.13060E+002 0.00012653 0.12653E-003
0.13095E+002 0.00012346 0.12346E-003
0.13130E+002 0.0001204 0.12040E-003
0.13165E+002 0.00011754 0.11754E-003
0.13200E+002 0.00011503 0.11503E-003
0.13235E+002 0.00011303 0.11303E-003
0.13270E+002 0.00011167 0.11167E-003
0.13305E+002 0.00011107 0.11107E-003
0.13340E+002 0.00011129 0.11129E-003
0.13375E+002 0.00011236 0.11236E-003
0.13410E+002 0.00011425 0.11425E-003
0.13445E+002 0.00011686 0.11686E-003
0.13480E+002 0.00012006 0.12006E-003
0.13515E+002 0.0001237 0.12370E-003
0.13550E+002 0.00012758 0.12758E-003
0.13585E+002 0.00013151 0.13151E-003
0.13620E+002 0.00013535 0.13535E-003
0.13655E+002 0.00013896 0.13896E-003
0.13690E+002 0.00014228 0.14228E-003
0.13725E+002 0.00014528 0.14528E-003
0.13760E+002 0.00014798 0.14798E-003
0.13795E+002 0.00015042 0.15042E-003
0.13830E+002 0.00015264 0.15264E-003
0.13865E+002 0.00015471 0.15471E-003
0.13900E+002 0.00015667 0.15667E-003
0.13935E+002 0.00015853 0.15853E-003
0.13970E+002 0.00016031 0.16031E-003
0.14005E+002 0.00016204 0.16204E-003
0.14040E+002 0.0001637 0.16370E-003
0.14075E+002 0.00016533 0.16533E-003
0.14110E+002 0.00016694 0.16694E-003
0.14145E+002 0.00016854 0.16854E-003
0.14180E+002 0.00017014 0.17014E-003
0.14215E+002 0.00017175 0.17175E-003
0.14250E+002 0.00017335 0.17335E-003
0.14285E+002 0.00017495 0.17495E-003
0.14320E+002 0.00017655 0.17655E-003
0.14355E+002 0.00017819 0.17819E-003
0.14390E+002 0.00017994 0.17994E-003
0.14425E+002 0.00018192 0.18192E-003
0.14460E+002 0.00018429 0.18429E-003
0.14495E+002 0.00018723 0.18723E-003
0.14530E+002 0.00019095 0.19095E-003
0.14565E+002 0.00019567 0.19567E-003
0.14600E+002 0.00020159 0.20159E-003
0.14635E+002 0.00020887 0.20887E-003
0.14670E+002 0.00021767 0.21767E-003
0.14705E+002 0.0002281 0.22810E-003
0.14740E+002 0.00024021 0.24021E-003
0.14775E+002 0.000254 0.25400E-003
0.14810E+002 0.00026937 0.26937E-003
0.14845E+002 0.00028613 0.28613E-003
0.14880E+002 0.00030399 0.30399E-003
0.14915E+002 0.00032252 0.32252E-003
0.14950E+002 0.00034119 0.34119E-003
0.14985E+002 0.00035941 0.35941E-003
0.15020E+002 0.00037655 0.37655E-003
0.15055E+002 0.00039201 0.39201E-003
0.15090E+002 0.00040528 0.40528E-003
0.15125E+002 0.00041599 0.41599E-003
0.15160E+002 0.00042399 0.42399E-003
0.15195E+002 0.00042937 0.42937E-003
0.15230E+002 0.00043246 0.43246E-003
0.15265E+002 0.00043388 0.43388E-003
0.15300E+002 0.00043443 0.43443E-003
0.15335E+002 0.00043511 0.43511E-003
0.15370E+002 0.00043704 0.43704E-003
0.15405E+002 0.00044134 0.44134E-003
0.15440E+002 0.00044905 0.44905E-003
0.15475E+002 0.00046106 0.46106E-003
0.15510E+002 0.00047801 0.47801E-003
0.15545E+002 0.0005002 0.50020E-003
0.15580E+002 0.00052761 0.52761E-003
0.15615E+002 0.00055989 0.55989E-003
0.15650E+002 0.00059641 0.59641E-003
0.15685E+002 0.00063632 0.63632E-003
0.15720E+002 0.00067865 0.67865E-003
0.15755E+002 0.00072243 0.72243E-003
0.15790E+002 0.00076671 0.76671E-003
0.15825E+002 0.00081061 0.81061E-003
0.15860E+002 0.00085333 0.85333E-003
0.15895E+002 0.00089407 0.89407E-003
0.15930E+002 0.00093199 0.93199E-003
0.15965E+002 0.00096612 0.96612E-003
0.16000E+002 0.00099534 0.99534E-003
0.16035E+002 0.0010184 0.10184E-002
0.16070E+002 0.0010341 0.10341E-002
0.16105E+002 0.0010414 0.10414E-002
0.16140E+002 0.0010394 0.10394E-002
0.16175E+002 0.0010282 0.10282E-002
0.16210E+002 0.0010083 0.10083E-002
0.16245E+002 0.00098094 0.98094E-003
0.16280E+002 0.00094829 0.94829E-003
0.16315E+002 0.00091287 0.91287E-003
0.16350E+002 0.00087744 0.87744E-003
0.16385E+002 0.00084465 0.84465E-003
0.16420E+002 0.00081674 0.81674E-003
0.16455E+002 0.00079521 0.79521E-003
0.16490E+002 0.00078068 0.78068E-003
0.16525E+002 0.00077283 0.77283E-003
0.16560E+002 0.00077043 0.77043E-003
0.16595E+002 0.00077157 0.77157E-003
0.16630E+002 0.00077389 0.77389E-003
0.16665E+002 0.00077489 0.77489E-003
0.16700E+002 0.00077228 0.77228E-003
0.16735E+002 0.00076426 0.76426E-003
0.16770E+002 0.00074973 0.74973E-003
0.16805E+002 0.00072838 0.72838E-003
0.16840E+002 0.00070068 0.70068E-003
0.16875E+002 0.00066781 0.66781E-003
0.16910E+002 0.00063139 0.63139E-003
0.16945E+002 0.00059328 0.59328E-003
0.16980E+002 0.00055532 0.55532E-003
0.17015E+002 0.00051914 0.51914E-003
0.17050E+002 0.00048602 0.48602E-003
0.17085E+002 0.00045678 0.45678E-003
0.17120E+002 0.00043184 0.43184E-003
0.17155E+002 0.00041121 0.41121E-003
0.17190E+002 0.0003946 0.39460E-003
0.17225E+002 0.0003815 0.38150E-003
0.17260E+002 0.00037127 0.37127E-003
0.17295E+002 0.0003632 0.36320E-003
0.17330E+002 0.00035656 0.35656E-003
0.17365E+002 0.00035068 0.35068E-003
0.17400E+002 0.00034499 0.34499E-003
0.17435E+002 0.00033901 0.33901E-003
0.17470E+002 0.00033239 0.33239E-003
0.17505E+002 0.00032495 0.32495E-003
0.17540E+002 0.00031663 0.31663E-003
0.17575E+002 0.00030751 0.30751E-003
0.17610E+002 0.0002978 0.29780E-003
0.17645E+002 0.00028777 0.28777E-003
0.17680E+002 0.00027774 0.27774E-003
0.17715E+002 0.00026803 0.26803E-003
0.17750E+002 0.00025893 0.25893E-003
0.17785E+002 0.00025069 0.25069E-003
0.17820E+002 0.00024345 0.24345E-003
0.17855E+002 0.00023729 0.23729E-003
0.17890E+002 0.00023219 0.23219E-003
0.17925E+002 0.00022803 0.22803E-003
0.17960E+002 0.00022465 0.22465E-003
0.17995E+002 0.00022182 0.22182E-003
0.18030E+002 0.00021931 0.21931E-003
0.18065E+002 0.00021688 0.21688E-003
0.18100E+002 0.00021435 0.21435E-003
0.18135E+002 0.0002116 0.21160E-003
0.18170E+002 0.0002086 0.20860E-003
0.18205E+002 0.00020536 0.20536E-003
0.18240E+002 0.00020199 0.20199E-003
0.18275E+002 0.00019864 0.19864E-003
0.18310E+002 0.00019545 0.19545E-003
0.18345E+002 0.00019255 0.19255E-003
0.18380E+002 0.00019002 0.19002E-003
0.18415E+002 0.00018787 0.18787E-003
0.18450E+002 0.00018605 0.18605E-003
0.18485E+002 0.00018442 0.18442E-003
0.18520E+002 0.00018283 0.18283E-003
0.18555E+002 0.00018107 0.18107E-003
0.18590E+002 0.00017897 0.17897E-003
0.18625E+002 0.00017639 0.17639E-003
0.18660E+002 0.00017324 0.17324E-003
0.18695E+002 0.00016951 0.16951E-003
0.18730E+002 0.00016527 0.16527E-003
0.18765E+002 0.00016062 0.16062E-003
0.18800E+002 0.00015572 0.15572E-003
0.18835E+002 0.00015075 0.15075E-003
0.18870E+002 0.00014588 0.14588E-003
0.18905E+002 0.00014124 0.14124E-003
0.18940E+002 0.00013694 0.13694E-003
0.18975E+002 0.00013305 0.13305E-003
0.19010E+002 0.00012962 0.12962E-003
0.19045E+002 0.00012668 0.12668E-003
0.19080E+002 0.00012429 0.12429E-003
0.19115E+002 0.00012248 0.12248E-003
0.19150E+002 0.00012135 0.12135E-003
0.19185E+002 0.00012096 0.12096E-003
0.19220E+002 0.00012139 0.12139E-003
0.19255E+002 0.00012264 0.12264E-003
0.19290E+002 0.00012471 0.12471E-003
0.19325E+002 0.00012746 0.12746E-003
0.19360E+002 0.00013072 0.13072E-003
0.19395E+002 0.00013421 0.13421E-003
0.19430E+002 0.00013765 0.13765E-003
0.19465E+002 0.00014071 0.14071E-003
0.19500E+002 0.00014311 0.14311E-003
0.19535E+002 0.00014463 0.14463E-003
0.19570E+002 0.00014513 0.14513E-003
0.19605E+002 0.00014458 0.14458E-003
0.19640E+002 0.00014305 0.14305E-003
0.19675E+002 0.00014068 0.14068E-003
0.19710E+002 0.00013768 0.13768E-003
0.19745E+002 0.00013427 0.13427E-003
0.19780E+002 0.00013067 0.13067E-003
0.19815E+002 0.00012707 0.12707E-003
0.19850E+002 0.00012363 0.12363E-003
0.19885E+002 0.00012046 0.12046E-003
0.19920E+002 0.00011764 0.11764E-003
0.19955E+002 0.00011521 0.11521E-003
0.19990E+002 0.00011318 0.11318E-003
0.20025E+002 0.00011154 0.11154E-003
0.20060E+002 0.00011028 0.11028E-003
0.20095E+002 0.00010935 0.10935E-003
0.20130E+002 0.0001087 0.10870E-003
0.20165E+002 0.00010826 0.10826E-003
0.20200E+002 0.00010794 0.10794E-003
0.20235E+002 0.00010766 0.10766E-003
0.20270E+002 0.00010733 0.10733E-003
0.20305E+002 0.00010688 0.10688E-003
0.20340E+002 0.00010625 0.10625E-003
0.20375E+002 0.00010544 0.10544E-003
0.20410E+002 0.00010445 0.10445E-003
0.20445E+002 0.00010337 0.10337E-003
0.20480E+002 0.00010228 0.10228E-003
0.20515E+002 0.0001013 0.10130E-003
0.20550E+002 0.00010056 0.10056E-003
0.20585E+002 0.00010018 0.10018E-003
0.20620E+002 0.00010023 0.10023E-003
0.20655E+002 0.00010076 0.10076E-003
0.20690E+002 0.00010174 0.10174E-003
0.20725E+002 0.00010311 0.10311E-003
0.20760E+002 0.00010475 0.10475E-003
0.20795E+002 0.00010652 0.10652E-003
0.20830E+002 0.00010827 0.10827E-003
0.20865E+002 0.00010983 0.10983E-003
0.20900E+002 0.00011107 0.11107E-003
0.20935E+002 0.00011189 0.11189E-003
0.20970E+002 0.00011222 0.11222E-003
0.21005E+002 0.00011203 0.11203E-003
0.21040E+002 0.00011133 0.11133E-003
0.21075E+002 0.00011015 0.11015E-003
0.21110E+002 0.00010856 0.10856E-003
0.21145E+002 0.00010662 0.10662E-003
0.21180E+002 0.00010442 0.10442E-003
0.21215E+002 0.00010203 0.10203E-003
0.21250E+002 9.9534e-05 0.99534E-004
0.21285E+002 9.7012e-05 0.97012E-004
0.21320E+002 9.4543e-05 0.94543E-004
0.21355E+002 9.2202e-05 0.92202E-004
0.21390E+002 9.0061e-05 0.90061E-004
0.21425E+002 8.8184e-05 0.88184E-004
0.21460E+002 8.6626e-05 0.86626E-004
0.21495E+002 8.5428e-05 0.85428E-004
0.21530E+002 8.461e-05 0.84610E-004
0.21565E+002 8.4171e-05 0.84171E-004
0.21600E+002 8.4088e-05 0.84088E-004
0.21635E+002 8.4315e-05 0.84315E-004
0.21670E+002 8.4789e-05 0.84789E-004
0.21705E+002 8.5433e-05 0.85433E-004
0.21740E+002 8.6163e-05 0.86163E-004
0.21775E+002 8.6898e-05 0.86898E-004
0.21810E+002 8.7566e-05 0.87566E-004
0.21845E+002 8.8113e-05 0.88113E-004
0.21880E+002 8.8506e-05 0.88506E-004
0.21915E+002 8.8739e-05 0.88739E-004
0.21950E+002 8.8831e-05 0.88831E-004
0.21985E+002 8.8824e-05 0.88824E-004
0.22020E+002 8.8773e-05 0.88773E-004
0.22055E+002 8.8739e-05 0.88739E-004
0.22090E+002 8.8781e-05 0.88781E-004
0.22125E+002 8.8945e-05 0.88945E-004
0.22160E+002 8.9259e-05 0.89259E-004
0.22195E+002 8.9729e-05 0.89729E-004
0.22230E+002 9.0342e-05 0.90342E-004
0.22265E+002 9.1066e-05 0.91066E-004
0.22300E+002 9.1857e-05 0.91857E-004
0.22335E+002 9.2657e-05 0.92657E-004
0.22370E+002 9.3408e-05 0.93408E-004
0.22405E+002 9.405e-05 0.94050E-004
0.22440E+002 9.4527e-05 0.94527E-004
0.22475E+002 9.479e-05 0.94790E-004
0.22510E+002 9.4803e-05 0.94803E-004
0.22545E+002 9.4545e-05 0.94545E-004
0.22580E+002 9.4012e-05 0.94012E-004
0.22615E+002 9.3223e-05 0.93223E-004
0.22650E+002 9.2214e-05 0.92214E-004
0.22685E+002 9.1044e-05 0.91044E-004
0.22720E+002 8.9785e-05 0.89785E-004
0.22755E+002 8.8524e-05 0.88524E-004
0.22790E+002 8.7358e-05 0.87358E-004
0.22825E+002 8.6383e-05 0.86383E-004
0.22860E+002 8.5696e-05 0.85696E-004
0.22895E+002 8.5382e-05 0.85382E-004
0.22930E+002 8.5511e-05 0.85511E-004
0.22965E+002 8.6126e-05 0.86126E-004
0.23000E+002 8.7239e-05 0.87239E-004
0.23035E+002 8.8823e-05 0.88823E-004
0.23070E+002 9.0808e-05 0.90808E-004
0.23105E+002 9.3083e-05 0.93083E-004
0.23140E+002 9.5502e-05 0.95502E-004
0.23175E+002 9.7896e-05 0.97896E-004
0.23210E+002 0.00010009 0.10009E-003
0.23245E+002 0.00010194 0.10194E-003
0.23280E+002 0.00010332 0.10332E-003
0.23315E+002 0.00010417 0.10417E-003
0.23350E+002 0.00010448 0.10448E-003
0.23385E+002 0.00010431 0.10431E-003
0.23420E+002 0.00010376 0.10376E-003
0.23455E+002 0.00010297 0.10297E-003
0.23490E+002 0.00010211 0.10211E-003
0.23525E+002 0.00010131 0.10131E-003
0.23560E+002 0.00010071 0.10071E-003
0.23595E+002 0.00010038 0.10038E-003
0.23630E+002 0.00010036 0.10036E-003
0.23665E+002 0.00010066 0.10066E-003
0.23700E+002 0.00010123 0.10123E-003
0.23735E+002 0.00010201 0.10201E-003
0.23770E+002 0.00010293 0.10293E-003
0.23805E+002 0.00010392 0.10392E-003
0.23840E+002 0.0001049 0.10490E-003
0.23875E+002 0.00010584 0.10584E-003
0.23910E+002 0.00010667 0.10667E-003
0.23945E+002 0.00010739 0.10739E-003
0.23980E+002 0.00010795 0.10795E-003
0.24015E+002 0.00010834 0.10834E-003
0.24050E+002 0.00010856 0.10856E-003
0.24085E+002 0.00010857 0.10857E-003
0.24120E+002 0.00010837 0.10837E-003
0.24155E+002 0.00010797 0.10797E-003
0.24190E+002 0.00010737 0.10737E-003
0.24225E+002 0.00010657 0.10657E-003
0.24260E+002 0.00010562 0.10562E-003
0.24295E+002 0.00010452 0.10452E-003
0.24330E+002 0.0001033 0.10330E-003
0.24365E+002 0.00010199 0.10199E-003
0.24400E+002 0.00010059 0.10059E-003
0.24435E+002 9.913e-05 0.99130E-004
0.24470E+002 9.7625e-05 0.97625E-004
0.24505E+002 9.6098e-05 0.96098E-004
0.24540E+002 9.458e-05 0.94580E-004
0.24575E+002 9.3107e-05 0.93107E-004
0.24610E+002 9.1719e-05 0.91719E-004
0.24645E+002 9.0449e-05 0.90449E-004
0.24680E+002 8.9325e-05 0.89325E-004
0.24715E+002 8.8355e-05 0.88355E-004
0.24750E+002 8.7534e-05 0.87534E-004
0.24785E+002 8.6842e-05 0.86842E-004
0.24820E+002 8.6251e-05 0.86251E-004
0.24855E+002 8.5732e-05 0.85732E-004
0.24890E+002 8.5265e-05 0.85265E-004
0.24925E+002 8.4847e-05 0.84847E-004
0.24960E+002 8.449e-05 0.84490E-004
0.24995E+002 8.4225e-05 0.84225E-004
0.25030E+002 8.4092e-05 0.84092E-004
0.25065E+002 8.4129e-05 0.84129E-004
0.25100E+002 8.4364e-05 0.84364E-004
0.25135E+002 8.4805e-05 0.84805E-004
0.25170E+002 8.5432e-05 0.85432E-004
0.25205E+002 8.62e-05 0.86200E-004
0.25240E+002 8.7044e-05 0.87044E-004
0.25275E+002 8.7884e-05 0.87884E-004
0.25310E+002 8.8645e-05 0.88645E-004
0.25345E+002 8.926e-05 0.89260E-004
0.25380E+002 8.9681e-05 0.89681E-004
0.25415E+002 8.9884e-05 0.89884E-004
0.25450E+002 8.9867e-05 0.89867E-004
0.25485E+002 8.9646e-05 0.89646E-004
0.25520E+002 8.925e-05 0.89250E-004
0.25555E+002 8.8711e-05 0.88711E-004
0.25590E+002 8.8064e-05 0.88064E-004
0.25625E+002 8.7339e-05 0.87339E-004
0.25660E+002 8.6562e-05 0.86562E-004
0.25695E+002 8.5752e-05 0.85752E-004
0.25730E+002 8.4925e-05 0.84925E-004
0.25765E+002 8.4096e-05 0.84096E-004
0.25800E+002 8.3276e-05 0.83276E-004
0.25835E+002 8.248e-05 0.82480E-004
0.25870E+002 8.1722e-05 0.81722E-004
0.25905E+002 8.1017e-05 0.81017E-004
0.25940E+002 8.0385e-05 0.80385E-004
0.25975E+002 7.9841e-05 0.79841E-004
0.26010E+002 7.9406e-05 0.79406E-004
0.26045E+002 7.9091e-05 0.79091E-004
0.26080E+002 7.8905e-05 0.78905E-004
0.26115E+002 7.8845e-05 0.78845E-004
0.26150E+002 7.8896e-05 0.78896E-004
0.26185E+002 7.9026e-05 0.79026E-004
0.26220E+002 7.919e-05 0.79190E-004
0.26255E+002 7.933e-05 0.79330E-004
0.26290E+002 7.9383e-05 0.79383E-004
0.26325E+002 7.9287e-05 0.79287E-004
0.26360E+002 7.8995e-05 0.78995E-004
0.26395E+002 7.8479e-05 0.78479E-004
0.26430E+002 7.7741e-05 0.77741E-004
0.26465E+002 7.6819e-05 0.76819E-004
0.26500E+002 7.5782e-05 0.75782E-004
0.26535E+002 7.4729e-05 0.74729E-004
0.26570E+002 7.3774e-05 0.73774E-004
0.26605E+002 7.3039e-05 0.73039E-004
0.26640E+002 7.2635e-05 0.72635E-004
0.26675E+002 7.265e-05 0.72650E-004
0.26710E+002 7.3142e-05 0.73142E-004
0.26745E+002 7.4129e-05 0.74129E-004
0.26780E+002 7.5591e-05 0.75591E-004
0.26815E+002 7.7473e-05 0.77473E-004
0.26850E+002 7.9695e-05 0.79695E-004
0.26885E+002 8.2157e-05 0.82157E-004
0.26920E+002 8.475e-05 0.84750E-004
0.26955E+002 8.7367e-05 0.87367E-004
0.26990E+002 8.9911e-05 0.89911E-004
0.27025E+002 9.2293e-05 0.92293E-004
0.27060E+002 9.4444e-05 0.94444E-004
0.27095E+002 9.6305e-05 0.96305E-004
0.27130E+002 9.7831e-05 0.97831E-004
0.27165E+002 9.8988e-05 0.98988E-004
0.27200E+002 9.975e-05 0.99750E-004
0.27235E+002 0.0001001 0.10010E-003
0.27270E+002 0.00010003 0.10003E-003
0.27305E+002 9.9552e-05 0.99552E-004
0.27340E+002 9.8678e-05 0.98678E-004
0.27375E+002 9.7447e-05 0.97447E-004
0.27410E+002 9.5916e-05 0.95916E-004
0.27445E+002 9.4157e-05 0.94157E-004
0.27480E+002 9.2254e-05 0.92254E-004
0.27515E+002 9.03e-05 0.90300E-004
0.27550E+002 8.8384e-05 0.88384E-004
0.27585E+002 8.6592e-05 0.86592E-004
0.27620E+002 8.4995e-05 0.84995E-004
0.27655E+002 8.3647e-05 0.83647E-004
0.27690E+002 8.2585e-05 0.82585E-004
0.27725E+002 8.1826e-05 0.81826E-004
0.27760E+002 8.1371e-05 0.81371E-004
0.27795E+002 8.1209e-05 0.81209E-004
0.27830E+002 8.1316e-05 0.81316E-004
0.27865E+002 8.1662e-05 0.81662E-004
0.27900E+002 8.2213e-05 0.82213E-004
0.27935E+002 8.2929e-05 0.82929E-004
0.27970E+002 8.3769e-05 0.83769E-004
0.28005E+002 8.4693e-05 0.84693E-004
0.28040E+002 8.5658e-05 0.85658E-004
0.28075E+002 8.6627e-05 0.86627E-004
0.28110E+002 8.7567e-05 0.87567E-004
0.28145E+002 8.8451e-05 0.88451E-004
0.28180E+002 8.9257e-05 0.89257E-004
0.28215E+002 8.9973e-05 0.89973E-004
0.28250E+002 9.0587e-05 0.90587E-004
0.28285E+002 9.1091e-05 0.91091E-004
0.28320E+002 9.1477e-05 0.91477E-004
0.28355E+002 9.1735e-05 0.91735E-004
0.28390E+002 9.185e-05 0.91850E-004
0.28425E+002 9.1811e-05 0.91811E-004
0.28460E+002 9.1605e-05 0.91605E-004
0.28495E+002 9.1228e-05 0.91228E-004
0.28530E+002 9.0684e-05 0.90684E-004
0.28565E+002 8.9992e-05 0.89992E-004
0.28600E+002 8.9181e-05 0.89181E-004
0.28635E+002 8.8296e-05 0.88296E-004
0.28670E+002 8.7389e-05 0.87389E-004
0.28705E+002 8.6524e-05 0.86524E-004
0.28740E+002 8.5763e-05 0.85763E-004
0.28775E+002 8.5168e-05 0.85168E-004
0.28810E+002 8.4793e-05 0.84793E-004
0.28845E+002 8.468e-05 0.84680E-004
0.28880E+002 8.4855e-05 0.84855E-004
0.28915E+002 8.5326e-05 0.85326E-004
0.28950E+002 8.608e-05 0.86080E-004
0.28985E+002 8.7082e-05 0.87082E-004
0.29020E+002 8.828e-05 0.88280E-004
0.29055E+002 8.9601e-05 0.89601E-004
0.29090E+002 9.0962e-05 0.90962E-004
0.29125E+002 9.2272e-05 0.92272E-004
0.29160E+002 9.3439e-05 0.93439E-004
0.29195E+002 9.4381e-05 0.94381E-004
0.29230E+002 9.5034e-05 0.95034E-004
0.29265E+002 9.5357e-05 0.95357E-004
0.29300E+002 9.5341e-05 0.95341E-004
0.29335E+002 9.5007e-05 0.95007E-004
0.29370E+002 9.4405e-05 0.94405E-004
0.29405E+002 9.3605e-05 0.93605E-004
0.29440E+002 9.2689e-05 0.92689E-004
0.29475E+002 9.1738e-05 0.91738E-004
0.29510E+002 9.082e-05 0.90820E-004
0.29545E+002 8.998e-05 0.89980E-004
0.29580E+002 8.9237e-05 0.89237E-004
0.29615E+002 8.8587e-05 0.88587E-004
0.29650E+002 8.8004e-05 0.88004E-004
0.29685E+002 8.7452e-05 0.87452E-004
0.29720E+002 8.6898e-05 0.86898E-004
0.29755E+002 8.6318e-05 0.86318E-004
0.29790E+002 8.5704e-05 0.85704E-004
0.29825E+002 8.5065e-05 0.85065E-004
0.29860E+002 8.4422e-05 0.84422E-004
0.29895E+002 8.3805e-05 0.83805E-004
0.29930E+002 8.3236e-05 0.83236E-004
0.29965E+002 8.2731e-05 0.82731E-004
