# 4.32357 Applied 8.64714
-0.50000E+001 8.6055e-241 0.17211E-239 0.00000E+000
-0.49650E+001 2.7779e-238 0.55558E-237 0.00000E+000
-0.49300E+001 8.697e-236 0.17394E-234 0.00000E+000
-0.48950E+001 2.64065e-233 0.52813E-232 0.00000E+000
-0.48600E+001 7.776e-231 0.15552E-229 0.00000E+000
-0.48250E+001 2.22085e-228 0.44417E-227 0.00000E+000
-0.47900E+001 6.1515e-226 0.12303E-224 0.00000E+000
-0.47550E+001 1.6525e-223 0.33050E-222 0.00000E+000
-0.47200E+001 4.30535e-221 0.86107E-220 0.00000E+000
-0.46850E+001 1.0879e-218 0.21758E-217 0.00000E+000
-0.46500E+001 2.666e-216 0.53320E-215 0.00000E+000
-0.46150E+001 6.3365e-214 0.12673E-212 0.00000E+000
-0.45800E+001 1.4606e-211 0.29212E-210 0.00000E+000
-0.45450E+001 3.26525e-209 0.65305E-208 0.00000E+000
-0.45100E+001 7.0795e-207 0.14159E-205 0.00000E+000
-0.44750E+001 1.4887e-204 0.29774E-203 0.00000E+000
-0.44400E+001 3.0361e-202 0.60722E-201 0.00000E+000
-0.44050E+001 6.005e-200 0.12010E-198 0.00000E+000
-0.43700E+001 1.15195e-197 0.23039E-196 0.18256E-305
-0.43350E+001 2.14315e-195 0.42863E-194 0.15387E-302
-0.43000E+001 3.86705e-193 0.77341E-192 0.10187E-299
-0.42650E+001 6.767e-191 0.13534E-189 0.65405E-297
-0.42300E+001 1.1485e-188 0.22970E-187 0.40728E-294
-0.41950E+001 1.8905e-186 0.37810E-185 0.24596E-291
-0.41600E+001 3.01795e-184 0.60359E-183 0.14407E-288
-0.41250E+001 4.6726e-182 0.93452E-181 0.81837E-286
-0.40900E+001 7.0165e-180 0.14033E-178 0.45086E-283
-0.40550E+001 1.0218e-177 0.20436E-176 0.24090E-280
-0.40200E+001 1.4432e-175 0.28864E-174 0.12484E-277
-0.39850E+001 1.9769e-173 0.39538E-172 0.62741E-275
-0.39500E+001 2.62635e-171 0.52527E-170 0.30582E-272
-0.39150E+001 3.384e-169 0.67680E-168 0.14457E-269
-0.38800E+001 4.2287e-167 0.84574E-166 0.66281E-267
-0.38450E+001 5.125e-165 0.10250E-163 0.29472E-264
-0.38100E+001 6.024e-163 0.12048E-161 0.12710E-261
-0.37750E+001 6.867e-161 0.13734E-159 0.53157E-259
-0.37400E+001 7.5925e-159 0.15185E-157 0.21562E-256
-0.37050E+001 8.141e-157 0.16282E-155 0.84826E-254
-0.36700E+001 8.466e-155 0.16932E-153 0.32364E-251
-0.36350E+001 8.539e-153 0.17078E-151 0.11976E-248
-0.36000E+001 8.3525e-151 0.16705E-149 0.42979E-246
-0.35650E+001 7.924e-149 0.15848E-147 0.14959E-243
-0.35300E+001 7.2905e-147 0.14581E-145 0.50496E-241
-0.34950E+001 6.506e-145 0.13012E-143 0.16532E-238
-0.34600E+001 5.6305e-143 0.11261E-141 0.52490E-236
-0.34250E+001 4.72585e-141 0.94517E-140 0.16164E-233
-0.33900E+001 3.8471e-139 0.76942E-138 0.48274E-231
-0.33550E+001 3.0373e-137 0.60746E-136 0.13983E-228
-0.33200E+001 2.32565e-135 0.46513E-134 0.39280E-226
-0.32850E+001 1.72705e-133 0.34541E-132 0.10702E-223
-0.32500E+001 1.2439e-131 0.24878E-130 0.28277E-221
-0.32150E+001 8.6885e-130 0.17377E-128 0.72465E-219
-0.31800E+001 5.886e-128 0.11772E-126 0.18010E-216
-0.31450E+001 3.86745e-126 0.77349E-125 0.43413E-214
-0.31100E+001 2.46445e-124 0.49289E-123 0.10149E-211
-0.30750E+001 1.52305e-122 0.30461E-121 0.23011E-209
-0.30400E+001 9.129e-121 0.18258E-119 0.50599E-207
-0.30050E+001 5.3065e-119 0.10613E-117 0.10791E-204
-0.29700E+001 2.99185e-117 0.59837E-116 0.22319E-202
-0.29350E+001 1.6359e-115 0.32718E-114 0.44771E-200
-0.29000E+001 8.6755e-114 0.17351E-112 0.87101E-198
-0.28650E+001 4.46185e-112 0.89237E-111 0.16434E-195
-0.28300E+001 2.2256e-110 0.44512E-109 0.30074E-193
-0.27950E+001 1.0767e-108 0.21534E-107 0.53374E-191
-0.27600E+001 5.052e-107 0.10104E-105 0.91871E-189
-0.27250E+001 2.29875e-105 0.45975E-104 0.15337E-186
-0.26900E+001 1.0145e-103 0.20290E-102 0.24830E-184
-0.26550E+001 4.3423e-102 0.86846E-101 0.38989E-182
-0.26200E+001 1.80255e-100 0.36051E-099 0.59375E-180
-0.25850E+001 7.257e-99 0.14514E-097 0.87694E-178
-0.25500E+001 2.8337e-97 0.56674E-096 0.12562E-175
-0.25150E+001 1.0731e-95 0.21462E-094 0.17451E-173
-0.24800E+001 3.94125e-94 0.78825E-093 0.23513E-171
-0.24450E+001 1.4039e-92 0.28078E-091 0.30725E-169
-0.24100E+001 4.85e-91 0.97000E-090 0.38938E-167
-0.23750E+001 1.625e-89 0.32500E-088 0.47860E-165
-0.23400E+001 5.2805e-88 0.10561E-086 0.57052E-163
-0.23050E+001 1.6642e-86 0.33284E-085 0.65959E-161
-0.22700E+001 5.0865e-85 0.10173E-083 0.73958E-159
-0.22350E+001 1.5079e-83 0.30158E-082 0.80427E-157
-0.22000E+001 4.33525e-82 0.86705E-081 0.84824E-155
-0.21650E+001 1.2088e-80 0.24176E-079 0.86765E-153
-0.21300E+001 3.26905e-79 0.65381E-078 0.86074E-151
-0.20950E+001 8.574e-78 0.17148E-076 0.82814E-149
-0.20600E+001 2.181e-76 0.43620E-075 0.77276E-147
-0.20250E+001 5.3805e-75 0.10761E-073 0.69934E-145
-0.19900E+001 1.2874e-73 0.25748E-072 0.61381E-143
-0.19550E+001 2.9874e-72 0.59748E-071 0.52250E-141
-0.19200E+001 6.7235e-71 0.13447E-069 0.43137E-139
-0.18850E+001 1.46755e-69 0.29351E-068 0.34539E-137
-0.18500E+001 3.1067e-68 0.62134E-067 0.26821E-135
-0.18150E+001 6.3785e-67 0.12757E-065 0.20200E-133
-0.17800E+001 1.2701e-65 0.25402E-064 0.14755E-131
-0.17450E+001 2.4528e-64 0.49056E-063 0.10452E-129
-0.17100E+001 4.59405e-63 0.91881E-062 0.71814E-128
-0.16750E+001 8.345e-62 0.16690E-060 0.47852E-126
-0.16400E+001 1.47025e-60 0.29405E-059 0.30924E-124
-0.16050E+001 2.5121e-59 0.50242E-058 0.19382E-122
-0.15700E+001 4.16295e-58 0.83259E-057 0.11782E-120
-0.15350E+001 6.6905e-57 0.13381E-055 0.69460E-119
-0.15000E+001 1.0429e-55 0.20858E-054 0.39715E-117
-0.14650E+001 1.5766e-54 0.31532E-053 0.22023E-115
-0.14300E+001 2.3116e-53 0.46232E-052 0.11844E-113
-0.13950E+001 3.28705e-52 0.65741E-051 0.61781E-112
-0.13600E+001 4.53325e-51 0.90665E-050 0.31253E-110
-0.13250E+001 6.0635e-50 0.12127E-048 0.15334E-108
-0.12900E+001 7.8655e-49 0.15731E-047 0.72963E-107
-0.12550E+001 9.896e-48 0.19792E-046 0.33671E-105
-0.12200E+001 1.2075e-46 0.24150E-045 0.15071E-103
-0.11850E+001 1.429e-45 0.28580E-044 0.65418E-102
-0.11500E+001 1.64015e-44 0.32803E-043 0.27541E-100
-0.11150E+001 1.8257e-43 0.36514E-042 0.11245E-098
-0.10800E+001 1.971e-42 0.39420E-041 0.44530E-097
-0.10450E+001 2.06375e-41 0.41275E-040 0.17102E-095
-0.10100E+001 2.0957e-40 0.41914E-039 0.63701E-094
-0.97500E+000 2.064e-39 0.41280E-038 0.23012E-092
-0.94000E+000 1.97155e-38 0.39431E-037 0.80625E-091
-0.90500E+000 1.8264e-37 0.36528E-036 0.27396E-089
-0.87000E+000 1.641e-36 0.32820E-035 0.90284E-088
-0.83500E+000 1.42995e-35 0.28599E-034 0.28856E-086
-0.80000E+000 1.20845e-34 0.24169E-033 0.89450E-085
-0.76500E+000 9.905e-34 0.19810E-032 0.26892E-083
-0.73000E+000 7.874e-33 0.15748E-031 0.78410E-082
-0.69500E+000 6.0705e-32 0.12141E-030 0.22173E-080
-0.66000E+000 4.5393e-31 0.90786E-030 0.60812E-079
-0.62500E+000 3.2919e-30 0.65838E-029 0.16176E-077
-0.59000E+000 2.31535e-29 0.46307E-028 0.41729E-076
-0.55500E+000 1.5794e-28 0.31588E-027 0.10440E-074
-0.52000E+000 1.0449e-27 0.20898E-026 0.25334E-073
-0.48500E+000 6.7045e-27 0.13409E-025 0.59621E-072
-0.45000E+000 4.1721e-26 0.83442E-025 0.13608E-070
-0.41500E+000 2.51805e-25 0.50361E-024 0.30124E-069
-0.38000E+000 1.4739e-24 0.29478E-023 0.64673E-068
-0.34500E+000 8.3675e-24 0.16735E-022 0.13466E-066
-0.31000E+000 4.60705e-23 0.92141E-022 0.27194E-065
-0.27500E+000 2.46015e-22 0.49203E-021 0.53260E-064
-0.24000E+000 1.2741e-21 0.25482E-020 0.10117E-062
-0.20500E+000 6.3995e-21 0.12799E-019 0.18638E-061
-0.17000E+000 3.1176e-20 0.62352E-019 0.33300E-060
-0.13500E+000 1.47295e-19 0.29459E-018 0.57704E-059
-0.10000E+000 6.7495e-19 0.13499E-017 0.96979E-058
-0.65000E-001 2.99955e-18 0.59991E-017 0.15807E-056
-0.30000E-001 1.29285e-17 0.25857E-016 0.24988E-055
0.50000E-002 5.4045e-17 0.10809E-015 0.38311E-054
0.40000E-001 2.19115e-16 0.43823E-015 0.56967E-053
0.75000E-001 8.6155e-16 0.17231E-014 0.82153E-052
0.11000E+000 3.2856e-15 0.65712E-014 0.11490E-050
0.14500E+000 1.2152e-14 0.24304E-013 0.15587E-049
0.18000E+000 4.35915e-14 0.87183E-013 0.20506E-048
0.21500E+000 1.51655e-13 0.30331E-012 0.26164E-047
0.25000E+000 5.117e-13 0.10234E-011 0.32378E-046
0.28500E+000 1.6745e-12 0.33490E-011 0.38860E-045
0.32000E+000 5.3145e-12 0.10629E-010 0.45233E-044
0.35500E+000 1.6359e-11 0.32718E-010 0.51064E-043
0.39000E+000 4.8838e-11 0.97676E-010 0.55910E-042
0.42500E+000 1.41405e-10 0.28281E-009 0.59370E-041
0.46000E+000 3.97085e-10 0.79417E-009 0.61143E-040
0.49500E+000 1.08145e-09 0.21629E-008 0.61072E-039
0.53000E+000 2.85655e-09 0.57131E-008 0.59162E-038
0.56500E+000 7.318e-09 0.14636E-007 0.55584E-037
0.60000E+000 1.81815e-08 0.36363E-007 0.50649E-036
0.63500E+000 4.3812e-08 0.87624E-007 0.44760E-035
0.67000E+000 1.0239e-07 0.20478E-006 0.38364E-034
0.70500E+000 2.32085e-07 0.46417E-006 0.31891E-033
0.74000E+000 5.102e-07 0.10204E-005 0.25711E-032
0.77500E+000 1.08775e-06 0.21755E-005 0.20103E-031
0.81000E+000 2.24925e-06 0.44985E-005 0.15245E-030
0.84500E+000 4.5108e-06 0.90216E-005 0.11213E-029
0.88000E+000 8.7735e-06 0.17547E-004 0.79981E-029
0.91500E+000 1.65505e-05 0.33101E-004 0.55332E-028
0.95000E+000 3.028e-05 0.60560E-004 0.37126E-027
0.98500E+000 5.373e-05 0.10746E-003 0.24159E-026
0.10200E+001 9.2465e-05 0.18493E-003 0.15247E-025
0.10550E+001 0.00015433 0.30866E-003 0.93329E-025
0.10900E+001 0.00024982 0.49964E-003 0.55405E-024
0.11250E+001 0.00039221 0.78442E-003 0.31900E-023
0.11600E+001 0.0005972 0.11944E-002 0.17813E-022
0.11950E+001 0.0008819 0.17638E-002 0.96471E-022
0.12300E+001 0.00126315 0.25263E-002 0.50671E-021
0.12650E+001 0.0017546 0.35092E-002 0.25813E-020
0.13000E+001 0.00236385 0.47277E-002 0.12753E-019
0.13350E+001 0.00308865 0.61773E-002 0.61110E-019
0.13700E+001 0.00391405 0.78281E-002 0.28400E-018
0.14050E+001 0.00481055 0.96211E-002 0.12800E-017
0.14400E+001 0.005734 0.11468E-001 0.55956E-017
0.14750E+001 0.006629 0.13258E-001 0.23723E-016
0.15100E+001 0.007433 0.14866E-001 0.97546E-016
0.15450E+001 0.008083 0.16166E-001 0.38901E-015
0.15800E+001 0.008525 0.17050E-001 0.15046E-014
0.16150E+001 0.00872 0.17440E-001 0.56439E-014
0.16500E+001 0.008651 0.17302E-001 0.20533E-013
0.16850E+001 0.0083235 0.16647E-001 0.72450E-013
0.17200E+001 0.007767 0.15534E-001 0.24793E-012
0.17550E+001 0.0070295 0.14059E-001 0.82288E-012
0.17900E+001 0.0061705 0.12341E-001 0.26488E-011
0.18250E+001 0.005253 0.10506E-001 0.82694E-011
0.18600E+001 0.0043371 0.86742E-002 0.25038E-010
0.18950E+001 0.00347305 0.69461E-002 0.73527E-010
0.19300E+001 0.0026973 0.53946E-002 0.20941E-009
0.19650E+001 0.0020317 0.40634E-002 0.57844E-009
0.20000E+001 0.00148425 0.29685E-002 0.15496E-008
0.20350E+001 0.0010516 0.21032E-002 0.40264E-008
0.20700E+001 0.000722655 0.14453E-002 0.10146E-007
0.21050E+001 0.000481617 0.96321E-003 0.24798E-007
0.21400E+001 0.000311324 0.62259E-003 0.58779E-007
0.21750E+001 0.000195218 0.39030E-003 0.13513E-006
0.22100E+001 0.000118801 0.23730E-003 0.30128E-006
0.22450E+001 7.02908e-05 0.13993E-003 0.65151E-006
0.22800E+001 4.06972e-05 0.80028E-004 0.13664E-005
0.23150E+001 2.35842e-05 0.44389E-004 0.27793E-005
0.23500E+001 1.46814e-05 0.23880E-004 0.54829E-005
0.23850E+001 1.14745e-05 0.12459E-004 0.10490E-004
0.24200E+001 1.28857e-05 0.63045E-005 0.19467E-004
0.24550E+001 1.90646e-05 0.30941E-005 0.35035E-004
0.24900E+001 3.13128e-05 0.14727E-005 0.61153E-004
0.25250E+001 5.20999e-05 0.67986E-006 0.10352E-003
0.25600E+001 8.51372e-05 0.30439E-006 0.16997E-003
0.25950E+001 0.000135396 0.13218E-006 0.27066E-003
0.26300E+001 0.000209033 0.55666E-007 0.41801E-003
0.26650E+001 0.000313076 0.22737E-007 0.62613E-003
0.27000E+001 0.0004548 0.90072E-008 0.90959E-003
0.27350E+001 0.000640802 0.34606E-008 0.12816E-002
0.27700E+001 0.000875601 0.12895E-008 0.17512E-002
0.28050E+001 0.00116045 0.46604E-009 0.23209E-002
0.28400E+001 0.0014916 0.16335E-009 0.29832E-002
0.28750E+001 0.0018595 0.55531E-010 0.37190E-002
0.29100E+001 0.00224825 0.18309E-010 0.44965E-002
0.29450E+001 0.0026364 0.58545E-011 0.52728E-002
0.29800E+001 0.00299835 0.18157E-011 0.59967E-002
0.30150E+001 0.00330725 0.54640E-012 0.66145E-002
0.30500E+001 0.00353805 0.16041E-012 0.70761E-002
0.30850E+001 0.0036709 0.49216E-013 0.73418E-002
0.31200E+001 0.00369395 0.27596E-013 0.73879E-002
0.31550E+001 0.00360515 0.57598E-013 0.72103E-002
0.31900E+001 0.00341245 0.18869E-012 0.68249E-002
0.32250E+001 0.00313275 0.63037E-012 0.62655E-002
0.32600E+001 0.00278925 0.20504E-011 0.55785E-002
0.32950E+001 0.00240865 0.64700E-011 0.48173E-002
0.33300E+001 0.00201725 0.19801E-010 0.40345E-002
0.33650E+001 0.0016386 0.58776E-010 0.32772E-002
0.34000E+001 0.00129085 0.16921E-009 0.25817E-002
0.34350E+001 0.0009863 0.47245E-009 0.19726E-002
0.34700E+001 0.000730901 0.12794E-008 0.14618E-002
0.35050E+001 0.000525302 0.33602E-008 0.10506E-002
0.35400E+001 0.000366164 0.85593E-008 0.73232E-003
0.35750E+001 0.000247556 0.21146E-007 0.49509E-003
0.36100E+001 0.000162335 0.50667E-007 0.32462E-003
0.36450E+001 0.000103274 0.11775E-006 0.20643E-003
0.36800E+001 6.37927e-05 0.26538E-006 0.12732E-003
0.37150E+001 3.83696e-05 0.58012E-006 0.76159E-004
0.37500E+001 2.2707e-05 0.12299E-005 0.44184E-004
0.37850E+001 1.3695e-05 0.25290E-005 0.24861E-004
0.38200E+001 9.3052e-06 0.50434E-005 0.13567E-004
0.38550E+001 8.4678e-06 0.97549E-005 0.71807E-005
0.38900E+001 1.09926e-05 0.18299E-004 0.36861E-005
0.39250E+001 1.75645e-05 0.33294E-004 0.18351E-005
0.39600E+001 2.98176e-05 0.58749E-004 0.88612E-006
0.39950E+001 5.04775e-05 0.10054E-003 0.41498E-006
0.40300E+001 8.35392e-05 0.16689E-003 0.18849E-006
0.40650E+001 0.000134377 0.26867E-003 0.83041E-007
0.41000E+001 0.000209758 0.41948E-003 0.35510E-007
0.41350E+001 0.000317622 0.63523E-003 0.14806E-007
0.41700E+001 0.000466478 0.93295E-003 0.62131E-008
0.42050E+001 0.000664452 0.13289E-002 0.31482E-008
0.42400E+001 0.000917952 0.18359E-002 0.31392E-008
0.42750E+001 0.00123 0.24600E-002 0.62223E-008
0.43100E+001 0.00159846 0.31969E-002 0.15010E-007
0.43450E+001 0.00201467 0.40293E-002 0.36498E-007
0.43800E+001 0.00246279 0.49255E-002 0.86558E-007
0.44150E+001 0.0029199 0.58396E-002 0.19925E-006
0.44500E+001 0.00335762 0.67148E-002 0.44489E-006
0.44850E+001 0.00374478 0.74886E-002 0.96343E-006
0.45200E+001 0.00405101 0.81000E-002 0.20235E-005
0.45550E+001 0.00425076 0.84974E-002 0.41220E-005
0.45900E+001 0.00432692 0.86457E-002 0.81438E-005
0.46250E+001 0.0042736 0.85316E-002 0.15605E-004
0.46600E+001 0.00409715 0.81653E-002 0.29000E-004
0.46950E+001 0.00381584 0.75794E-002 0.52270E-004
0.47300E+001 0.00345749 0.68236E-002 0.91375E-004
0.47650E+001 0.00305651 0.59581E-002 0.15492E-003
0.48000E+001 0.00265022 0.50457E-002 0.25475E-003
0.48350E+001 0.0022753 0.41443E-002 0.40629E-003
0.48700E+001 0.00196492 0.33014E-002 0.62844E-003
0.49050E+001 0.00174673 0.25507E-002 0.94277E-003
0.49400E+001 0.0016415 0.19113E-002 0.13717E-002
0.49750E+001 0.0016624 0.13891E-002 0.19357E-002
0.50100E+001 0.00181421 0.97913E-003 0.26493E-002
0.50450E+001 0.00209304 0.66937E-003 0.35167E-002
0.50800E+001 0.00248567 0.44383E-003 0.45275E-002
0.51150E+001 0.00296931 0.28542E-003 0.56532E-002
0.51500E+001 0.00351206 0.17802E-003 0.68461E-002
0.51850E+001 0.00407435 0.10769E-003 0.80410E-002
0.52200E+001 0.00461154 0.63179E-004 0.91599E-002
0.52550E+001 0.00507798 0.35950E-004 0.10120E-001
0.52900E+001 0.00543192 0.19841E-004 0.10844E-001
0.53250E+001 0.00564031 0.10620E-004 0.11270E-001
0.53600E+001 0.00568276 0.55132E-005 0.11360E-001
0.53950E+001 0.00555389 0.27759E-005 0.11105E-001
0.54300E+001 0.00526568 0.13556E-005 0.10530E-001
0.54650E+001 0.00484172 0.64205E-006 0.96828E-002
0.55000E+001 0.0043181 0.29494E-006 0.86359E-002
0.55350E+001 0.00373517 0.13140E-006 0.74702E-002
0.55700E+001 0.00313363 0.56781E-007 0.62672E-002
0.56050E+001 0.00254976 0.23796E-007 0.50995E-002
0.56400E+001 0.0020122 0.96726E-008 0.40244E-002
0.56750E+001 0.00154015 0.38132E-008 0.30803E-002
0.57100E+001 0.00114335 0.14580E-008 0.22867E-002
0.57450E+001 0.0008232 0.54069E-009 0.16464E-002
0.57800E+001 0.0005748 0.19447E-009 0.11496E-002
0.58150E+001 0.000389305 0.67839E-010 0.77861E-003
0.58500E+001 0.00025572 0.22952E-010 0.51144E-003
0.58850E+001 0.000162915 0.75315E-011 0.32583E-003
0.59200E+001 0.00010066 0.23970E-011 0.20132E-003
0.59550E+001 6.0325e-05 0.73988E-012 0.12065E-003
0.59900E+001 3.50615e-05 0.22150E-012 0.70123E-004
0.60250E+001 1.97645e-05 0.64316E-013 0.39529E-004
0.60600E+001 1.0806e-05 0.18113E-013 0.21612E-004
0.60950E+001 5.73e-06 0.49472E-014 0.11460E-004
0.61300E+001 2.94695e-06 0.13106E-014 0.58939E-005
0.61650E+001 1.46995e-06 0.33672E-015 0.29399E-005
0.62000E+001 7.1115e-07 0.83909E-016 0.14223E-005
0.62350E+001 3.3367e-07 0.20280E-016 0.66734E-006
0.62700E+001 1.51845e-07 0.47538E-017 0.30369E-006
0.63050E+001 6.702e-08 0.10808E-017 0.13404E-006
0.63400E+001 2.86895e-08 0.23836E-018 0.57379E-007
0.63750E+001 1.19115e-08 0.51163E-019 0.23823E-007
0.64100E+001 4.7964e-09 0.11436E-019 0.95928E-008
0.64450E+001 1.8732e-09 0.58277E-020 0.37464E-008
0.64800E+001 7.0955e-10 0.15794E-019 0.14191E-008
0.65150E+001 2.6067e-10 0.62111E-019 0.52134E-009
0.65500E+001 9.288e-11 0.24291E-018 0.18576E-009
0.65850E+001 3.2097e-11 0.92334E-018 0.64194E-010
0.66200E+001 1.0758e-11 0.34077E-017 0.21516E-010
0.66550E+001 3.49716e-12 0.12211E-016 0.69943E-011
0.66900E+001 1.10262e-12 0.42489E-016 0.22052E-011
0.67250E+001 3.37237e-13 0.14357E-015 0.67433E-012
0.67600E+001 1.00231e-13 0.47112E-015 0.19999E-012
0.67950E+001 2.95143e-14 0.15016E-014 0.57527E-013
0.68300E+001 1.03489e-14 0.46487E-014 0.16049E-013
0.68650E+001 9.1618e-15 0.13981E-013 0.43426E-014
0.69000E+001 2.09948e-14 0.40850E-013 0.11396E-014
0.69350E+001 5.813e-14 0.11597E-012 0.29007E-015
0.69700E+001 1.60006e-13 0.31994E-012 0.71608E-016
0.70050E+001 4.28884e-13 0.85775E-012 0.17145E-016
0.70400E+001 1.11755e-12 0.22351E-011 0.39814E-017
0.70750E+001 2.83075e-12 0.56615E-011 0.89670E-018
0.71100E+001 6.9705e-12 0.13941E-010 0.19587E-018
0.71450E+001 1.66895e-11 0.33379E-010 0.41498E-019
0.71800E+001 3.8855e-11 0.77710E-010 0.85272E-020
0.72150E+001 8.7975e-11 0.17595E-009 0.16995E-020
0.72500E+001 1.93735e-10 0.38747E-009 0.32881E-021
0.72850E+001 4.1502e-10 0.83004E-009 0.63238E-022
0.73200E+001 8.6495e-10 0.17299E-008 0.19314E-022
0.73550E+001 1.754e-09 0.35080E-008 0.40549E-022
0.73900E+001 3.46145e-09 0.69229E-008 0.17822E-021
0.74250E+001 6.6485e-09 0.13297E-007 0.79617E-021
0.74600E+001 1.243e-08 0.24860E-007 0.34579E-020
0.74950E+001 2.2626e-08 0.45252E-007 0.14578E-019
0.75300E+001 4.01025e-08 0.80205E-007 0.59650E-019
0.75650E+001 6.9225e-08 0.13845E-006 0.23693E-018
0.76000E+001 1.164e-07 0.23280E-006 0.91353E-018
0.76350E+001 1.9069e-07 0.38138E-006 0.34195E-017
0.76700E+001 3.04455e-07 0.60891E-006 0.12427E-016
0.77050E+001 4.7386e-07 0.94772E-006 0.43851E-016
0.77400E+001 7.192e-07 0.14384E-005 0.15025E-015
0.77750E+001 1.0649e-06 0.21298E-005 0.49991E-015
0.78100E+001 1.539e-06 0.30780E-005 0.16154E-014
0.78450E+001 2.17195e-06 0.43439E-005 0.50700E-014
0.78800E+001 2.9954e-06 0.59908E-005 0.15456E-013
0.79150E+001 4.04e-06 0.80800E-005 0.45773E-013
0.79500E+001 5.3335e-06 0.10667E-004 0.13170E-012
0.79850E+001 6.8995e-06 0.13799E-004 0.36818E-012
0.80200E+001 8.755e-06 0.17510E-004 0.10002E-011
0.80550E+001 1.0911e-05 0.21822E-004 0.26405E-011
0.80900E+001 1.3374e-05 0.26748E-004 0.67755E-011
0.81250E+001 1.61435e-05 0.32287E-004 0.16900E-010
0.81600E+001 1.9216e-05 0.38432E-004 0.40980E-010
0.81950E+001 2.2584e-05 0.45168E-004 0.96616E-010
0.82300E+001 2.62376e-05 0.52475E-004 0.22150E-009
0.82650E+001 3.01607e-05 0.60321E-004 0.49384E-009
0.83000E+001 3.43365e-05 0.68672E-004 0.10709E-008
0.83350E+001 3.87451e-05 0.77488E-004 0.22591E-008
0.83700E+001 4.33688e-05 0.86733E-004 0.46362E-008
0.84050E+001 4.82016e-05 0.96394E-004 0.92580E-008
0.84400E+001 5.3254e-05 0.10649E-003 0.17990E-007
0.84750E+001 5.8577e-05 0.11712E-003 0.34024E-007
0.85100E+001 6.42513e-05 0.12844E-003 0.62638E-007
0.85450E+001 7.04211e-05 0.14073E-003 0.11226E-006
0.85800E+001 7.7268e-05 0.15434E-003 0.19592E-006
0.86150E+001 8.50265e-05 0.16972E-003 0.33296E-006
0.86500E+001 9.39506e-05 0.18735E-003 0.55118E-006
0.86850E+001 0.000104334 0.20778E-003 0.88890E-006
0.87200E+001 0.000116478 0.23156E-003 0.13969E-005
0.87550E+001 0.000130715 0.25929E-003 0.21398E-005
0.87900E+001 0.000147433 0.29167E-003 0.31959E-005
0.88250E+001 0.000167138 0.32962E-003 0.46556E-005
0.88600E+001 0.000190509 0.37440E-003 0.66176E-005
0.88950E+001 0.000218512 0.42784E-003 0.91834E-005
0.89300E+001 0.000252494 0.49254E-003 0.12449E-004
0.89650E+001 0.000294278 0.57206E-003 0.16496E-004
0.90000E+001 0.000346273 0.67116E-003 0.21386E-004
0.90350E+001 0.000411535 0.79592E-003 0.27151E-004
0.90700E+001 0.000493824 0.95386E-003 0.33789E-004
0.91050E+001 0.000597586 0.11539E-002 0.41271E-004
0.91400E+001 0.000727969 0.14064E-002 0.49538E-004
0.91750E+001 0.000890504 0.17225E-002 0.58507E-004
0.92100E+001 0.00109114 0.21142E-002 0.68083E-004
0.92450E+001 0.00133563 0.25931E-002 0.78158E-004
0.92800E+001 0.00162916 0.31697E-002 0.88616E-004
0.93150E+001 0.00197566 0.38520E-002 0.99329E-004
0.93500E+001 0.00237718 0.46442E-002 0.11016E-003
0.93850E+001 0.00283293 0.55449E-002 0.12096E-003
0.94200E+001 0.00333869 0.65458E-002 0.13158E-003
0.94550E+001 0.00388635 0.76308E-002 0.14189E-003
0.94900E+001 0.00446394 0.87761E-002 0.15177E-003
0.95250E+001 0.00505584 0.99505E-002 0.16118E-003
0.95600E+001 0.00564357 0.11117E-001 0.17014E-003
0.95950E+001 0.0062084 0.12238E-001 0.17879E-003
0.96300E+001 0.00672967 0.13272E-001 0.18733E-003
0.96650E+001 0.00719101 0.14186E-001 0.19602E-003
0.97000E+001 0.00757707 0.14949E-001 0.20515E-003
0.97350E+001 0.00787698 0.15539E-001 0.21497E-003
0.97700E+001 0.00808383 0.15942E-001 0.22565E-003
0.98050E+001 0.00819362 0.16150E-001 0.23724E-003
0.98400E+001 0.00820634 0.16163E-001 0.24968E-003
0.98750E+001 0.00812288 0.15983E-001 0.26276E-003
0.99100E+001 0.0079481 0.15620E-001 0.27619E-003
0.99450E+001 0.00768682 0.15084E-001 0.28964E-003
0.99800E+001 0.00734739 0.14392E-001 0.30278E-003
0.10015E+002 0.00694017 0.13565E-001 0.31533E-003
0.10050E+002 0.00647705 0.12627E-001 0.32710E-003
0.10085E+002 0.00597501 0.11612E-001 0.33801E-003
0.10120E+002 0.00545054 0.10553E-001 0.34807E-003
0.10155E+002 0.0049222 0.94870E-002 0.35740E-003
0.10190E+002 0.00440796 0.84497E-002 0.36622E-003
0.10225E+002 0.00392375 0.74727E-002 0.37479E-003
0.10260E+002 0.00348217 0.65809E-002 0.38344E-003
0.10295E+002 0.00309209 0.57917E-002 0.39249E-003
0.10330E+002 0.00275786 0.51134E-002 0.40231E-003
0.10365E+002 0.00247995 0.45467E-002 0.41320E-003
0.10400E+002 0.00225538 0.40853E-002 0.42545E-003
0.10435E+002 0.00207874 0.37182E-002 0.43928E-003
0.10470E+002 0.00194323 0.34316E-002 0.45485E-003
0.10505E+002 0.0018414 0.32106E-002 0.47220E-003
0.10540E+002 0.00176594 0.30406E-002 0.49128E-003
0.10575E+002 0.00171021 0.29085E-002 0.51192E-003
0.10610E+002 0.00166818 0.28026E-002 0.53377E-003
0.10645E+002 0.00163484 0.27133E-002 0.55638E-003
0.10680E+002 0.00160613 0.26331E-002 0.57915E-003
0.10715E+002 0.00157859 0.25558E-002 0.60138E-003
0.10750E+002 0.00154996 0.24775E-002 0.62242E-003
0.10785E+002 0.0015185 0.23953E-002 0.64170E-003
0.10820E+002 0.00148367 0.23084E-002 0.65894E-003
0.10855E+002 0.00144557 0.22169E-002 0.67425E-003
0.10890E+002 0.00140532 0.21224E-002 0.68824E-003
0.10925E+002 0.00136473 0.20274E-002 0.70206E-003
0.10960E+002 0.00132605 0.19348E-002 0.71730E-003
0.10995E+002 0.00129188 0.18479E-002 0.73587E-003
0.11030E+002 0.00126478 0.17698E-002 0.75975E-003
0.11065E+002 0.00124681 0.17029E-002 0.79072E-003
0.11100E+002 0.00123961 0.16491E-002 0.83012E-003
0.11135E+002 0.00124386 0.16091E-002 0.87862E-003
0.11170E+002 0.00125953 0.15829E-002 0.93615E-003
0.11205E+002 0.0012857 0.15695E-002 0.10019E-002
0.11240E+002 0.00132095 0.15673E-002 0.10746E-002
0.11275E+002 0.00136325 0.15740E-002 0.11525E-002
0.11310E+002 0.0014107 0.15876E-002 0.12338E-002
0.11345E+002 0.00146135 0.16056E-002 0.13171E-002
0.11380E+002 0.0015136 0.16260E-002 0.14012E-002
0.11415E+002 0.0015665 0.16472E-002 0.14858E-002
0.11450E+002 0.00161935 0.16679E-002 0.15708E-002
0.11485E+002 0.00167215 0.16872E-002 0.16571E-002
0.11520E+002 0.00172515 0.17044E-002 0.17459E-002
0.11555E+002 0.001779 0.17191E-002 0.18389E-002
0.11590E+002 0.0018344 0.17307E-002 0.19381E-002
0.11625E+002 0.00189245 0.17388E-002 0.20461E-002
0.11660E+002 0.0019542 0.17427E-002 0.21657E-002
0.11695E+002 0.00202105 0.17420E-002 0.23001E-002
0.11730E+002 0.00209425 0.17360E-002 0.24525E-002
0.11765E+002 0.00217535 0.17245E-002 0.26262E-002
0.11800E+002 0.0022657 0.17075E-002 0.28239E-002
0.11835E+002 0.0023662 0.16852E-002 0.30472E-002
0.11870E+002 0.00247725 0.16583E-002 0.32962E-002
0.11905E+002 0.00259785 0.16274E-002 0.35683E-002
0.11940E+002 0.00272605 0.15937E-002 0.38584E-002
0.11975E+002 0.0028582 0.15578E-002 0.41586E-002
0.12010E+002 0.00298945 0.15208E-002 0.44581E-002
0.12045E+002 0.0031138 0.14833E-002 0.47443E-002
0.12080E+002 0.0032248 0.14460E-002 0.50036E-002
0.12115E+002 0.00331605 0.14096E-002 0.52225E-002
0.12150E+002 0.0033818 0.13745E-002 0.53891E-002
0.12185E+002 0.0034176 0.13414E-002 0.54938E-002
0.12220E+002 0.00342085 0.13111E-002 0.55306E-002
0.12255E+002 0.00339075 0.12842E-002 0.54973E-002
0.12290E+002 0.00332865 0.12615E-002 0.53958E-002
0.12325E+002 0.00323785 0.12437E-002 0.52320E-002
0.12360E+002 0.0031233 0.12316E-002 0.50150E-002
0.12395E+002 0.0029912 0.12258E-002 0.47566E-002
0.12430E+002 0.0028487 0.12268E-002 0.44706E-002
0.12465E+002 0.0027032 0.12350E-002 0.41714E-002
0.12500E+002 0.0025619 0.12505E-002 0.38733E-002
0.12535E+002 0.0024312 0.12732E-002 0.35892E-002
0.12570E+002 0.00231645 0.13028E-002 0.33301E-002
0.12605E+002 0.0022213 0.13385E-002 0.31041E-002
0.12640E+002 0.0021477 0.13791E-002 0.29163E-002
0.12675E+002 0.00209555 0.14227E-002 0.27684E-002
0.12710E+002 0.00206325 0.14672E-002 0.26593E-002
0.12745E+002 0.0020476 0.15100E-002 0.25852E-002
0.12780E+002 0.0020445 0.15485E-002 0.25405E-002
0.12815E+002 0.00204925 0.15801E-002 0.25184E-002
0.12850E+002 0.0020569 0.16025E-002 0.25113E-002
0.12885E+002 0.00206285 0.16140E-002 0.25117E-002
0.12920E+002 0.0020633 0.16137E-002 0.25129E-002
0.12955E+002 0.00205515 0.16015E-002 0.25088E-002
0.12990E+002 0.00203655 0.15781E-002 0.24950E-002
0.13025E+002 0.00200695 0.15451E-002 0.24688E-002
0.13060E+002 0.0019668 0.15045E-002 0.24291E-002
0.13095E+002 0.0019177 0.14587E-002 0.23767E-002
0.13130E+002 0.00186205 0.14103E-002 0.23138E-002
0.13165E+002 0.00180285 0.13619E-002 0.22438E-002
0.13200E+002 0.0017433 0.13160E-002 0.21706E-002
0.13235E+002 0.00168635 0.12746E-002 0.20981E-002
0.13270E+002 0.0016345 0.12393E-002 0.20297E-002
0.13305E+002 0.0015894 0.12112E-002 0.19676E-002
0.13340E+002 0.00155195 0.11908E-002 0.19131E-002
0.13375E+002 0.0015223 0.11781E-002 0.18665E-002
0.13410E+002 0.00149985 0.11725E-002 0.18272E-002
0.13445E+002 0.00148365 0.11729E-002 0.17944E-002
0.13480E+002 0.0014728 0.11781E-002 0.17675E-002
0.13515E+002 0.0014665 0.11865E-002 0.17465E-002
0.13550E+002 0.0014642 0.11969E-002 0.17315E-002
0.13585E+002 0.0014659 0.12081E-002 0.17237E-002
0.13620E+002 0.00147185 0.12196E-002 0.17241E-002
0.13655E+002 0.00148245 0.12314E-002 0.17335E-002
0.13690E+002 0.00149815 0.12439E-002 0.17524E-002
0.13725E+002 0.00151905 0.12581E-002 0.17800E-002
0.13760E+002 0.00154495 0.12750E-002 0.18149E-002
0.13795E+002 0.001575 0.12959E-002 0.18541E-002
0.13830E+002 0.00160805 0.13216E-002 0.18945E-002
0.13865E+002 0.00164235 0.13524E-002 0.19323E-002
0.13900E+002 0.00167595 0.13882E-002 0.19637E-002
0.13935E+002 0.00170675 0.14279E-002 0.19856E-002
0.13970E+002 0.0017329 0.14700E-002 0.19958E-002
0.14005E+002 0.0017527 0.15123E-002 0.19931E-002
0.14040E+002 0.00176475 0.15522E-002 0.19773E-002
0.14075E+002 0.00176835 0.15873E-002 0.19494E-002
0.14110E+002 0.0017632 0.16150E-002 0.19114E-002
0.14145E+002 0.00174955 0.16331E-002 0.18660E-002
0.14180E+002 0.0017283 0.16402E-002 0.18164E-002
0.14215E+002 0.00170065 0.16353E-002 0.17660E-002
0.14250E+002 0.00166855 0.16186E-002 0.17185E-002
0.14285E+002 0.00163395 0.15907E-002 0.16772E-002
0.14320E+002 0.0015992 0.15534E-002 0.16450E-002
0.14355E+002 0.00156675 0.15090E-002 0.16245E-002
0.14390E+002 0.00153885 0.14602E-002 0.16175E-002
0.14425E+002 0.0015176 0.14103E-002 0.16249E-002
0.14460E+002 0.0015049 0.13627E-002 0.16471E-002
0.14495E+002 0.001502 0.13204E-002 0.16836E-002
0.14530E+002 0.0015097 0.12859E-002 0.17335E-002
0.14565E+002 0.0015284 0.12610E-002 0.17958E-002
0.14600E+002 0.0015579 0.12468E-002 0.18690E-002
0.14635E+002 0.00159755 0.12430E-002 0.19521E-002
0.14670E+002 0.0016463 0.12484E-002 0.20442E-002
0.14705E+002 0.00170305 0.12613E-002 0.21448E-002
0.14740E+002 0.0017665 0.12791E-002 0.22539E-002
0.14775E+002 0.0018352 0.12992E-002 0.23712E-002
0.14810E+002 0.0019077 0.13188E-002 0.24966E-002
0.14845E+002 0.0019827 0.13359E-002 0.26295E-002
0.14880E+002 0.0020585 0.13487E-002 0.27683E-002
0.14915E+002 0.00213365 0.13564E-002 0.29109E-002
0.14950E+002 0.00220635 0.13588E-002 0.30539E-002
0.14985E+002 0.00227485 0.13563E-002 0.31934E-002
0.15020E+002 0.00233765 0.13499E-002 0.33254E-002
0.15055E+002 0.0023936 0.13408E-002 0.34464E-002
0.15090E+002 0.0024421 0.13303E-002 0.35539E-002
0.15125E+002 0.0024835 0.13196E-002 0.36474E-002
0.15160E+002 0.00251915 0.13099E-002 0.37284E-002
0.15195E+002 0.00255135 0.13019E-002 0.38008E-002
0.15230E+002 0.00258345 0.12964E-002 0.38705E-002
0.15265E+002 0.00261905 0.12936E-002 0.39445E-002
0.15300E+002 0.0026622 0.12940E-002 0.40304E-002
0.15335E+002 0.0027164 0.12976E-002 0.41352E-002
0.15370E+002 0.0027845 0.13045E-002 0.42645E-002
0.15405E+002 0.0028682 0.13145E-002 0.44219E-002
0.15440E+002 0.00296815 0.13277E-002 0.46086E-002
0.15475E+002 0.00308335 0.13435E-002 0.48232E-002
0.15510E+002 0.00321165 0.13616E-002 0.50617E-002
0.15545E+002 0.00334975 0.13814E-002 0.53181E-002
0.15580E+002 0.0034932 0.14022E-002 0.55842E-002
0.15615E+002 0.003637 0.14232E-002 0.58508E-002
0.15650E+002 0.0037756 0.14436E-002 0.61076E-002
0.15685E+002 0.00390345 0.14628E-002 0.63441E-002
0.15720E+002 0.0040155 0.14805E-002 0.65505E-002
0.15755E+002 0.00410715 0.14963E-002 0.67180E-002
0.15790E+002 0.0041752 0.15104E-002 0.68400E-002
0.15825E+002 0.00421795 0.15229E-002 0.69130E-002
0.15860E+002 0.0042353 0.15342E-002 0.69364E-002
0.15895E+002 0.00422915 0.15447E-002 0.69136E-002
0.15930E+002 0.00420275 0.15546E-002 0.68509E-002
0.15965E+002 0.0041607 0.15642E-002 0.67572E-002
0.16000E+002 0.004108 0.15734E-002 0.66426E-002
0.16035E+002 0.00404965 0.15820E-002 0.65173E-002
0.16070E+002 0.00398975 0.15893E-002 0.63902E-002
0.16105E+002 0.00393135 0.15949E-002 0.62678E-002
0.16140E+002 0.00387595 0.15982E-002 0.61537E-002
0.16175E+002 0.00382335 0.15986E-002 0.60481E-002
0.16210E+002 0.00377225 0.15960E-002 0.59485E-002
0.16245E+002 0.00372035 0.15902E-002 0.58505E-002
0.16280E+002 0.00366505 0.15815E-002 0.57486E-002
0.16315E+002 0.0036038 0.15705E-002 0.56371E-002
0.16350E+002 0.0035348 0.15578E-002 0.55118E-002
0.16385E+002 0.00345725 0.15444E-002 0.53701E-002
0.16420E+002 0.0033712 0.15310E-002 0.52114E-002
0.16455E+002 0.0032781 0.15185E-002 0.50377E-002
0.16490E+002 0.00318025 0.15076E-002 0.48529E-002
0.16525E+002 0.0030807 0.14988E-002 0.46626E-002
0.16560E+002 0.00298295 0.14926E-002 0.44733E-002
0.16595E+002 0.0028906 0.14893E-002 0.42919E-002
0.16630E+002 0.00280695 0.14889E-002 0.41250E-002
0.16665E+002 0.0027347 0.14913E-002 0.39781E-002
0.16700E+002 0.0026757 0.14962E-002 0.38552E-002
0.16735E+002 0.0026307 0.15033E-002 0.37581E-002
0.16770E+002 0.00259915 0.15119E-002 0.36864E-002
0.16805E+002 0.0025794 0.15214E-002 0.36374E-002
0.16840E+002 0.0025687 0.15312E-002 0.36062E-002
0.16875E+002 0.0025636 0.15408E-002 0.35864E-002
0.16910E+002 0.00256035 0.15500E-002 0.35707E-002
0.16945E+002 0.0025553 0.15586E-002 0.35520E-002
0.16980E+002 0.00254555 0.15668E-002 0.35243E-002
0.17015E+002 0.00252905 0.15749E-002 0.34832E-002
0.17050E+002 0.0025049 0.15830E-002 0.34268E-002
0.17085E+002 0.0024734 0.15913E-002 0.33555E-002
0.17120E+002 0.0024356 0.15995E-002 0.32717E-002
0.17155E+002 0.00239345 0.16072E-002 0.31797E-002
0.17190E+002 0.0023489 0.16137E-002 0.30841E-002
0.17225E+002 0.0023038 0.16179E-002 0.29897E-002
0.17260E+002 0.00225965 0.16191E-002 0.29002E-002
0.17295E+002 0.00221725 0.16163E-002 0.28182E-002
0.17330E+002 0.0021768 0.16092E-002 0.27444E-002
0.17365E+002 0.00213795 0.15979E-002 0.26780E-002
0.17400E+002 0.00210005 0.15829E-002 0.26172E-002
0.17435E+002 0.00206215 0.15651E-002 0.25592E-002
0.17470E+002 0.00202335 0.15456E-002 0.25011E-002
0.17505E+002 0.001983 0.15255E-002 0.24405E-002
0.17540E+002 0.0019406 0.15057E-002 0.23755E-002
0.17575E+002 0.0018961 0.14868E-002 0.23054E-002
0.17610E+002 0.0018497 0.14691E-002 0.22303E-002
0.17645E+002 0.00180195 0.14527E-002 0.21512E-002
0.17680E+002 0.00175355 0.14373E-002 0.20698E-002
0.17715E+002 0.0017056 0.14230E-002 0.19882E-002
0.17750E+002 0.001659 0.14096E-002 0.19084E-002
0.17785E+002 0.0016151 0.13974E-002 0.18328E-002
0.17820E+002 0.001575 0.13866E-002 0.17634E-002
0.17855E+002 0.00153995 0.13777E-002 0.17022E-002
0.17890E+002 0.00151125 0.13711E-002 0.16514E-002
0.17925E+002 0.00148985 0.13669E-002 0.16128E-002
0.17960E+002 0.00147655 0.13650E-002 0.15881E-002
0.17995E+002 0.0014718 0.13650E-002 0.15786E-002
0.18030E+002 0.0014756 0.13661E-002 0.15851E-002
0.18065E+002 0.0014871 0.13672E-002 0.16070E-002
0.18100E+002 0.0015052 0.13674E-002 0.16430E-002
0.18135E+002 0.0015279 0.13658E-002 0.16900E-002
0.18170E+002 0.00155305 0.13618E-002 0.17443E-002
0.18205E+002 0.0015781 0.13553E-002 0.18009E-002
0.18240E+002 0.0016008 0.13467E-002 0.18549E-002
0.18275E+002 0.0016192 0.13370E-002 0.19014E-002
0.18310E+002 0.00163195 0.13273E-002 0.19366E-002
0.18345E+002 0.00163865 0.13191E-002 0.19582E-002
0.18380E+002 0.0016397 0.13141E-002 0.19653E-002
0.18415E+002 0.0016359 0.13132E-002 0.19586E-002
0.18450E+002 0.00162895 0.13174E-002 0.19405E-002
0.18485E+002 0.00162035 0.13267E-002 0.19140E-002
0.18520E+002 0.0016117 0.13408E-002 0.18826E-002
0.18555E+002 0.0016041 0.13586E-002 0.18496E-002
0.18590E+002 0.0015981 0.13786E-002 0.18176E-002
0.18625E+002 0.0015939 0.13992E-002 0.17886E-002
0.18660E+002 0.001591 0.14187E-002 0.17633E-002
0.18695E+002 0.0015888 0.14356E-002 0.17420E-002
0.18730E+002 0.00158635 0.14486E-002 0.17241E-002
0.18765E+002 0.00158295 0.14570E-002 0.17089E-002
0.18800E+002 0.0015779 0.14604E-002 0.16954E-002
0.18835E+002 0.0015707 0.14586E-002 0.16828E-002
0.18870E+002 0.0015613 0.14521E-002 0.16705E-002
0.18905E+002 0.0015495 0.14411E-002 0.16579E-002
0.18940E+002 0.0015354 0.14261E-002 0.16447E-002
0.18975E+002 0.00151905 0.14078E-002 0.16303E-002
0.19010E+002 0.0015006 0.13867E-002 0.16145E-002
0.19045E+002 0.00148 0.13633E-002 0.15967E-002
0.19080E+002 0.00145765 0.13386E-002 0.15767E-002
0.19115E+002 0.0014337 0.13132E-002 0.15542E-002
0.19150E+002 0.00140875 0.12882E-002 0.15293E-002
0.19185E+002 0.0013835 0.12645E-002 0.15025E-002
0.19220E+002 0.0013589 0.12431E-002 0.14747E-002
0.19255E+002 0.00133615 0.12250E-002 0.14473E-002
0.19290E+002 0.00131645 0.12108E-002 0.14221E-002
0.19325E+002 0.00130115 0.12012E-002 0.14011E-002
0.19360E+002 0.00129125 0.11962E-002 0.13863E-002
0.19395E+002 0.00128755 0.11958E-002 0.13793E-002
0.19430E+002 0.00129055 0.11997E-002 0.13814E-002
0.19465E+002 0.0013001 0.12073E-002 0.13929E-002
0.19500E+002 0.00131565 0.12178E-002 0.14135E-002
0.19535E+002 0.00133615 0.12304E-002 0.14419E-002
0.19570E+002 0.00136015 0.12443E-002 0.14760E-002
0.19605E+002 0.00138595 0.12586E-002 0.15133E-002
0.19640E+002 0.0014118 0.12726E-002 0.15510E-002
0.19675E+002 0.00143585 0.12854E-002 0.15863E-002
0.19710E+002 0.00145655 0.12966E-002 0.16165E-002
0.19745E+002 0.0014726 0.13055E-002 0.16397E-002
0.19780E+002 0.00148305 0.13117E-002 0.16544E-002
0.19815E+002 0.00148755 0.13151E-002 0.16600E-002
0.19850E+002 0.0014859 0.13154E-002 0.16564E-002
0.19885E+002 0.00147845 0.13128E-002 0.16441E-002
0.19920E+002 0.0014658 0.13076E-002 0.16240E-002
0.19955E+002 0.0014488 0.13002E-002 0.15974E-002
0.19990E+002 0.00142855 0.12913E-002 0.15658E-002
0.20025E+002 0.001406 0.12815E-002 0.15305E-002
0.20060E+002 0.0013825 0.12716E-002 0.14934E-002
0.20095E+002 0.00135905 0.12622E-002 0.14559E-002
0.20130E+002 0.00133655 0.12537E-002 0.14194E-002
0.20165E+002 0.00131585 0.12462E-002 0.13855E-002
0.20200E+002 0.00129755 0.12398E-002 0.13553E-002
0.20235E+002 0.00128205 0.12344E-002 0.13297E-002
0.20270E+002 0.0012694 0.12295E-002 0.13093E-002
0.20305E+002 0.0012597 0.12249E-002 0.12945E-002
0.20340E+002 0.0012529 0.12205E-002 0.12853E-002
0.20375E+002 0.00124875 0.12161E-002 0.12814E-002
0.20410E+002 0.0012472 0.12121E-002 0.12823E-002
0.20445E+002 0.00124815 0.12088E-002 0.12875E-002
0.20480E+002 0.0012515 0.12066E-002 0.12964E-002
0.20515E+002 0.0012572 0.12062E-002 0.13082E-002
0.20550E+002 0.0012652 0.12080E-002 0.13224E-002
0.20585E+002 0.0012752 0.12122E-002 0.13382E-002
0.20620E+002 0.0012869 0.12190E-002 0.13548E-002
0.20655E+002 0.00129985 0.12280E-002 0.13717E-002
0.20690E+002 0.00131325 0.12387E-002 0.13878E-002
0.20725E+002 0.00132645 0.12504E-002 0.14025E-002
0.20760E+002 0.00133855 0.12623E-002 0.14148E-002
0.20795E+002 0.0013487 0.12733E-002 0.14241E-002
0.20830E+002 0.0013562 0.12826E-002 0.14298E-002
0.20865E+002 0.0013604 0.12893E-002 0.14315E-002
0.20900E+002 0.001361 0.12927E-002 0.14293E-002
0.20935E+002 0.001358 0.12925E-002 0.14235E-002
0.20970E+002 0.00135165 0.12887E-002 0.14146E-002
0.21005E+002 0.00134265 0.12816E-002 0.14037E-002
0.21040E+002 0.0013318 0.12718E-002 0.13918E-002
0.21075E+002 0.0013201 0.12602E-002 0.13800E-002
0.21110E+002 0.0013086 0.12480E-002 0.13692E-002
0.21145E+002 0.0012983 0.12364E-002 0.13602E-002
0.21180E+002 0.00128975 0.12263E-002 0.13532E-002
0.21215E+002 0.00128345 0.12186E-002 0.13483E-002
0.21250E+002 0.00127935 0.12137E-002 0.13450E-002
0.21285E+002 0.00127715 0.12116E-002 0.13427E-002
0.21320E+002 0.0012763 0.12119E-002 0.13407E-002
0.21355E+002 0.0012762 0.12141E-002 0.13383E-002
0.21390E+002 0.0012763 0.12176E-002 0.13350E-002
0.21425E+002 0.00127605 0.12216E-002 0.13305E-002
0.21460E+002 0.0012754 0.12258E-002 0.13250E-002
0.21495E+002 0.0012744 0.12300E-002 0.13188E-002
0.21530E+002 0.0012734 0.12342E-002 0.13126E-002
0.21565E+002 0.0012729 0.12387E-002 0.13071E-002
0.21600E+002 0.0012733 0.12436E-002 0.13030E-002
0.21635E+002 0.0012749 0.12490E-002 0.13008E-002
0.21670E+002 0.00127775 0.12548E-002 0.13007E-002
0.21705E+002 0.0012817 0.12606E-002 0.13028E-002
0.21740E+002 0.0012862 0.12657E-002 0.13067E-002
0.21775E+002 0.00129055 0.12693E-002 0.13118E-002
0.21810E+002 0.001294 0.12705E-002 0.13175E-002
0.21845E+002 0.00129575 0.12687E-002 0.13228E-002
0.21880E+002 0.0012951 0.12633E-002 0.13269E-002
0.21915E+002 0.0012917 0.12544E-002 0.13290E-002
0.21950E+002 0.0012853 0.12421E-002 0.13285E-002
0.21985E+002 0.0012761 0.12271E-002 0.13251E-002
0.22020E+002 0.0012644 0.12101E-002 0.13187E-002
0.22055E+002 0.0012509 0.11920E-002 0.13098E-002
0.22090E+002 0.0012362 0.11735E-002 0.12989E-002
0.22125E+002 0.00122105 0.11551E-002 0.12870E-002
0.22160E+002 0.0012062 0.11371E-002 0.12753E-002
0.22195E+002 0.0011922 0.11194E-002 0.12650E-002
0.22230E+002 0.00117955 0.11020E-002 0.12571E-002
0.22265E+002 0.00116835 0.10844E-002 0.12523E-002
0.22300E+002 0.00115885 0.10665E-002 0.12512E-002
0.22335E+002 0.0011509 0.10482E-002 0.12536E-002
0.22370E+002 0.00114445 0.10297E-002 0.12592E-002
0.22405E+002 0.0011392 0.10113E-002 0.12671E-002
0.22440E+002 0.00113504 0.99378E-003 0.12763E-002
0.22475E+002 0.00113195 0.97779E-003 0.12861E-002
0.22510E+002 0.00112983 0.96416E-003 0.12955E-002
0.22545E+002 0.00112878 0.95367E-003 0.13039E-002
0.22580E+002 0.00112908 0.94697E-003 0.13112E-002
0.22615E+002 0.00113088 0.94457E-003 0.13172E-002
0.22650E+002 0.00113453 0.94686E-003 0.13222E-002
0.22685E+002 0.00114018 0.95406E-003 0.13263E-002
0.22720E+002 0.00114805 0.96630E-003 0.13298E-002
0.22755E+002 0.00115814 0.98359E-003 0.13327E-002
0.22790E+002 0.00117035 0.10058E-002 0.13349E-002
0.22825E+002 0.0011844 0.10327E-002 0.13361E-002
0.22860E+002 0.00119975 0.10637E-002 0.13358E-002
0.22895E+002 0.0012159 0.10981E-002 0.13337E-002
0.22930E+002 0.0012321 0.11349E-002 0.13293E-002
0.22965E+002 0.00124775 0.11728E-002 0.13227E-002
0.23000E+002 0.00126185 0.12102E-002 0.13135E-002
0.23035E+002 0.00127395 0.12457E-002 0.13022E-002
0.23070E+002 0.00128325 0.12777E-002 0.12888E-002
0.23105E+002 0.0012893 0.13048E-002 0.12738E-002
0.23140E+002 0.00129175 0.13261E-002 0.12574E-002
0.23175E+002 0.00129045 0.13410E-002 0.12399E-002
0.23210E+002 0.0012855 0.13494E-002 0.12216E-002
0.23245E+002 0.00127715 0.13518E-002 0.12025E-002
0.23280E+002 0.001266 0.13491E-002 0.11829E-002
0.23315E+002 0.0012526 0.13424E-002 0.11628E-002
0.23350E+002 0.0012379 0.13332E-002 0.11426E-002
0.23385E+002 0.00122285 0.13230E-002 0.11227E-002
0.23420E+002 0.0012083 0.13131E-002 0.11035E-002
0.23455E+002 0.00119515 0.13047E-002 0.10856E-002
0.23490E+002 0.0011839 0.12983E-002 0.10695E-002
0.23525E+002 0.001175 0.12943E-002 0.10557E-002
0.23560E+002 0.0011685 0.12924E-002 0.10446E-002
0.23595E+002 0.00116435 0.12921E-002 0.10366E-002
0.23630E+002 0.0011622 0.12925E-002 0.10319E-002
0.23665E+002 0.00116185 0.12928E-002 0.10309E-002
0.23700E+002 0.001163 0.12921E-002 0.10339E-002
0.23735E+002 0.00116545 0.12896E-002 0.10413E-002
0.23770E+002 0.00116925 0.12852E-002 0.10533E-002
0.23805E+002 0.00117445 0.12785E-002 0.10704E-002
0.23840E+002 0.00118125 0.12699E-002 0.10926E-002
0.23875E+002 0.00118985 0.12598E-002 0.11199E-002
0.23910E+002 0.0012002 0.12486E-002 0.11518E-002
0.23945E+002 0.00121205 0.12368E-002 0.11873E-002
0.23980E+002 0.0012249 0.12247E-002 0.12251E-002
0.24015E+002 0.00123815 0.12127E-002 0.12636E-002
0.24050E+002 0.0012508 0.12007E-002 0.13009E-002
0.24085E+002 0.0012618 0.11887E-002 0.13349E-002
0.24120E+002 0.00127035 0.11767E-002 0.13640E-002
0.24155E+002 0.00127575 0.11647E-002 0.13868E-002
0.24190E+002 0.00127765 0.11529E-002 0.14024E-002
0.24225E+002 0.0012759 0.11414E-002 0.14104E-002
0.24260E+002 0.0012709 0.11308E-002 0.14110E-002
0.24295E+002 0.0012634 0.11217E-002 0.14051E-002
0.24330E+002 0.0012542 0.11146E-002 0.13938E-002
0.24365E+002 0.0012443 0.11101E-002 0.13785E-002
0.24400E+002 0.0012346 0.11084E-002 0.13608E-002
0.24435E+002 0.0012261 0.11099E-002 0.13423E-002
0.24470E+002 0.0012193 0.11142E-002 0.13244E-002
0.24505E+002 0.0012146 0.11211E-002 0.13081E-002
0.24540E+002 0.0012121 0.11299E-002 0.12943E-002
0.24575E+002 0.00121165 0.11401E-002 0.12832E-002
0.24610E+002 0.001213 0.11510E-002 0.12750E-002
0.24645E+002 0.00121575 0.11620E-002 0.12695E-002
0.24680E+002 0.0012196 0.11730E-002 0.12662E-002
0.24715E+002 0.00122415 0.11837E-002 0.12646E-002
0.24750E+002 0.00122915 0.11942E-002 0.12641E-002
0.24785E+002 0.0012344 0.12046E-002 0.12642E-002
0.24820E+002 0.0012398 0.12152E-002 0.12644E-002
0.24855E+002 0.00124535 0.12262E-002 0.12645E-002
0.24890E+002 0.00125095 0.12378E-002 0.12641E-002
0.24925E+002 0.0012565 0.12500E-002 0.12630E-002
0.24960E+002 0.00126175 0.12626E-002 0.12609E-002
0.24995E+002 0.0012663 0.12752E-002 0.12574E-002
0.25030E+002 0.00126985 0.12873E-002 0.12524E-002
0.25065E+002 0.00127175 0.12981E-002 0.12454E-002
0.25100E+002 0.0012716 0.13069E-002 0.12363E-002
0.25135E+002 0.0012688 0.13127E-002 0.12249E-002
0.25170E+002 0.00126315 0.13149E-002 0.12114E-002
0.25205E+002 0.00125445 0.13129E-002 0.11960E-002
0.25240E+002 0.0012429 0.13063E-002 0.11795E-002
0.25275E+002 0.0012289 0.12953E-002 0.11625E-002
0.25310E+002 0.00121305 0.12801E-002 0.11460E-002
0.25345E+002 0.0011963 0.12615E-002 0.11311E-002
0.25380E+002 0.00117965 0.12405E-002 0.11188E-002
0.25415E+002 0.00116405 0.12183E-002 0.11098E-002
0.25450E+002 0.00115055 0.11964E-002 0.11047E-002
0.25485E+002 0.0011398 0.11759E-002 0.11037E-002
0.25520E+002 0.0011326 0.11583E-002 0.11069E-002
0.25555E+002 0.00112915 0.11445E-002 0.11138E-002
0.25590E+002 0.00112965 0.11354E-002 0.11239E-002
0.25625E+002 0.00113395 0.11314E-002 0.11365E-002
0.25660E+002 0.00114185 0.11328E-002 0.11509E-002
0.25695E+002 0.00115305 0.11394E-002 0.11667E-002
0.25730E+002 0.00116695 0.11508E-002 0.11831E-002
0.25765E+002 0.00118315 0.11663E-002 0.12000E-002
0.25800E+002 0.00120115 0.11851E-002 0.12172E-002
0.25835E+002 0.0012204 0.12062E-002 0.12346E-002
0.25870E+002 0.00124025 0.12284E-002 0.12521E-002
0.25905E+002 0.00126015 0.12506E-002 0.12697E-002
0.25940E+002 0.00127935 0.12714E-002 0.12873E-002
0.25975E+002 0.0012971 0.12896E-002 0.13046E-002
0.26010E+002 0.0013125 0.13040E-002 0.13210E-002
0.26045E+002 0.00132475 0.13136E-002 0.13359E-002
0.26080E+002 0.0013331 0.13175E-002 0.13487E-002
0.26115E+002 0.0013368 0.13151E-002 0.13585E-002
0.26150E+002 0.00133545 0.13064E-002 0.13645E-002
0.26185E+002 0.00132885 0.12915E-002 0.13662E-002
0.26220E+002 0.00131735 0.12714E-002 0.13633E-002
0.26255E+002 0.0013014 0.12472E-002 0.13556E-002
0.26290E+002 0.0012819 0.12205E-002 0.13433E-002
0.26325E+002 0.00126 0.11930E-002 0.13270E-002
0.26360E+002 0.001237 0.11665E-002 0.13075E-002
0.26395E+002 0.00121425 0.11426E-002 0.12859E-002
0.26430E+002 0.0011928 0.11225E-002 0.12631E-002
0.26465E+002 0.0011738 0.11071E-002 0.12405E-002
0.26500E+002 0.00115815 0.10971E-002 0.12192E-002
0.26535E+002 0.00114635 0.10924E-002 0.12003E-002
0.26570E+002 0.0011389 0.10930E-002 0.11848E-002
0.26605E+002 0.00113585 0.10984E-002 0.11733E-002
0.26640E+002 0.0011373 0.11081E-002 0.11665E-002
0.26675E+002 0.00114295 0.11213E-002 0.11646E-002
0.26710E+002 0.00115235 0.11373E-002 0.11674E-002
0.26745E+002 0.00116505 0.11553E-002 0.11748E-002
0.26780E+002 0.00118015 0.11744E-002 0.11859E-002
0.26815E+002 0.00119675 0.11936E-002 0.11999E-002
0.26850E+002 0.0012137 0.12118E-002 0.12156E-002
0.26885E+002 0.00123005 0.12282E-002 0.12319E-002
0.26920E+002 0.00124465 0.12418E-002 0.12475E-002
0.26955E+002 0.00125645 0.12517E-002 0.12612E-002
0.26990E+002 0.00126475 0.12575E-002 0.12720E-002
0.27025E+002 0.001269 0.12589E-002 0.12791E-002
0.27060E+002 0.00126895 0.12561E-002 0.12818E-002
0.27095E+002 0.0012647 0.12495E-002 0.12799E-002
0.27130E+002 0.00125665 0.12400E-002 0.12733E-002
0.27165E+002 0.0012455 0.12286E-002 0.12624E-002
0.27200E+002 0.00123205 0.12166E-002 0.12475E-002
0.27235E+002 0.00121715 0.12048E-002 0.12295E-002
0.27270E+002 0.00120175 0.11940E-002 0.12095E-002
0.27305E+002 0.0011867 0.11849E-002 0.11885E-002
0.27340E+002 0.0011726 0.11772E-002 0.11680E-002
0.27375E+002 0.00115995 0.11708E-002 0.11491E-002
0.27410E+002 0.00114885 0.11648E-002 0.11329E-002
0.27445E+002 0.00113945 0.11585E-002 0.11204E-002
0.27480E+002 0.0011316 0.11511E-002 0.11121E-002
0.27515E+002 0.0011251 0.11418E-002 0.11084E-002
0.27550E+002 0.0011199 0.11305E-002 0.11093E-002
0.27585E+002 0.00111575 0.11171E-002 0.11144E-002
0.27620E+002 0.00111265 0.11019E-002 0.11234E-002
0.27655E+002 0.0011106 0.10856E-002 0.11356E-002
0.27690E+002 0.0011097 0.10689E-002 0.11505E-002
0.27725E+002 0.00110995 0.10525E-002 0.11674E-002
0.27760E+002 0.0011114 0.10373E-002 0.11855E-002
0.27795E+002 0.00111385 0.10236E-002 0.12041E-002
0.27830E+002 0.0011171 0.10118E-002 0.12224E-002
0.27865E+002 0.0011208 0.10022E-002 0.12394E-002
0.27900E+002 0.00112444 0.99477E-003 0.12541E-002
0.27935E+002 0.00112749 0.98938E-003 0.12656E-002
0.27970E+002 0.00112934 0.98589E-003 0.12728E-002
0.28005E+002 0.0011296 0.98410E-003 0.12751E-002
0.28040E+002 0.00112783 0.98376E-003 0.12719E-002
0.28075E+002 0.0011238 0.98460E-003 0.12630E-002
0.28110E+002 0.00111757 0.98635E-003 0.12488E-002
0.28145E+002 0.00110931 0.98871E-003 0.12299E-002
0.28180E+002 0.00109953 0.99146E-003 0.12076E-002
0.28215E+002 0.00108877 0.99444E-003 0.11831E-002
0.28250E+002 0.00107783 0.99755E-003 0.11581E-002
0.28285E+002 0.0010674 0.10008E-002 0.11340E-002
0.28320E+002 0.00105815 0.10042E-002 0.11121E-002
0.28355E+002 0.00105065 0.10079E-002 0.10934E-002
0.28390E+002 0.0010451 0.10119E-002 0.10783E-002
0.28425E+002 0.0010414 0.10159E-002 0.10669E-002
0.28460E+002 0.0010393 0.10199E-002 0.10587E-002
0.28495E+002 0.0010382 0.10233E-002 0.10531E-002
0.28530E+002 0.0010374 0.10256E-002 0.10492E-002
0.28565E+002 0.0010362 0.10262E-002 0.10462E-002
0.28600E+002 0.0010341 0.10247E-002 0.10435E-002
0.28635E+002 0.00103055 0.10205E-002 0.10406E-002
0.28670E+002 0.0010254 0.10135E-002 0.10373E-002
0.28705E+002 0.00101895 0.10040E-002 0.10339E-002
0.28740E+002 0.00101137 0.99224E-003 0.10305E-002
0.28775E+002 0.00100323 0.97907E-003 0.10274E-002
0.28810E+002 0.00099523 0.96546E-003 0.10250E-002
0.28845E+002 0.000987975 0.95255E-003 0.10234E-002
0.28880E+002 0.00098206 0.94152E-003 0.10226E-002
0.28915E+002 0.00097804 0.93348E-003 0.10226E-002
0.28950E+002 0.00097618 0.92936E-003 0.10230E-002
0.28985E+002 0.00097669 0.92978E-003 0.10236E-002
0.29020E+002 0.00097954 0.93498E-003 0.10241E-002
0.29055E+002 0.00098445 0.94480E-003 0.10241E-002
0.29090E+002 0.00099098 0.95866E-003 0.10233E-002
0.29125E+002 0.000998655 0.97561E-003 0.10217E-002
0.29160E+002 0.00100681 0.99443E-003 0.10192E-002
0.29195E+002 0.00101475 0.10138E-002 0.10157E-002
0.29230E+002 0.001022 0.10324E-002 0.10116E-002
0.29265E+002 0.00102795 0.10490E-002 0.10069E-002
0.29300E+002 0.00103255 0.10628E-002 0.10023E-002
0.29335E+002 0.00103553 0.10731E-002 0.99796E-003
0.29370E+002 0.0010371 0.10798E-002 0.99440E-003
0.29405E+002 0.0010374 0.10829E-002 0.99190E-003
0.29440E+002 0.00103665 0.10827E-002 0.99059E-003
0.29475E+002 0.00103496 0.10795E-002 0.99042E-003
0.29510E+002 0.00103246 0.10738E-002 0.99112E-003
0.29545E+002 0.00102913 0.10660E-002 0.99226E-003
0.29580E+002 0.00102484 0.10564E-002 0.99329E-003
0.29615E+002 0.0010195 0.10454E-002 0.99361E-003
0.29650E+002 0.00101296 0.10332E-002 0.99272E-003
0.29685E+002 0.00100528 0.10203E-002 0.99026E-003
0.29720E+002 0.000996455 0.10068E-002 0.98611E-003
0.29755E+002 0.0009868 0.99321E-003 0.98039E-003
0.29790E+002 0.00097658 0.97972E-003 0.97344E-003
0.29825E+002 0.00096621 0.96661E-003 0.96581E-003
0.29860E+002 0.000956085 0.95402E-003 0.95815E-003
0.29895E+002 0.000946555 0.94199E-003 0.95112E-003
0.29930E+002 0.00093787 0.93040E-003 0.94534E-003
0.29965E+002 0.00093019 0.91907E-003 0.94131E-003
