# -0.69709 Applied -2.09127 delta
-0.50000E+001 4.51849e-125 0.96776E-138 0.54845E-127 0.13550E-123
-0.49650E+001 2.77482e-123 0.75283E-136 0.35578E-125 0.83209E-122
-0.49300E+001 1.65275e-121 0.56800E-134 0.22385E-123 0.49560E-120
-0.48950E+001 9.54722e-120 0.41564E-132 0.13659E-121 0.28628E-118
-0.48600E+001 5.34903e-118 0.29499E-130 0.80840E-120 0.16039E-116
-0.48250E+001 2.90645e-116 0.20306E-128 0.46402E-118 0.87147E-115
-0.47900E+001 1.53169e-114 0.13557E-126 0.25833E-116 0.45925E-113
-0.47550E+001 7.82898e-113 0.87788E-125 0.13948E-114 0.23473E-111
-0.47200E+001 3.88077e-111 0.55134E-123 0.73044E-113 0.11635E-109
-0.46850E+001 1.8659e-109 0.33584E-121 0.37100E-111 0.55940E-108
-0.46500E+001 8.70076e-108 0.19841E-119 0.18276E-109 0.26084E-106
-0.46150E+001 3.93491e-106 0.11369E-117 0.87318E-108 0.11796E-104
-0.45800E+001 1.72592e-104 0.63187E-116 0.40462E-106 0.51737E-103
-0.45450E+001 7.3424e-103 0.34060E-114 0.18185E-104 0.22009E-101
-0.45100E+001 3.02941e-101 0.17807E-112 0.79270E-103 0.90803E-100
-0.44750E+001 1.21228e-99 0.90296E-111 0.33514E-101 0.36335E-098
-0.44400E+001 4.70491e-98 0.44409E-109 0.13742E-099 0.14101E-096
-0.44050E+001 1.77109e-96 0.21184E-107 0.54653E-098 0.53078E-095
-0.43700E+001 6.46603e-95 0.98011E-106 0.21082E-096 0.19377E-093
-0.43350E+001 2.2896e-93 0.43982E-104 0.78870E-095 0.68609E-092
-0.43000E+001 7.86321e-92 0.19143E-102 0.28619E-093 0.23561E-090
-0.42650E+001 2.61916e-90 0.80810E-101 0.10072E-091 0.78474E-089
-0.42300E+001 8.46146e-89 0.33087E-099 0.34380E-090 0.25350E-087
-0.41950E+001 2.65126e-87 0.13140E-097 0.11382E-088 0.79424E-086
-0.41600E+001 8.05718e-86 0.50613E-096 0.36549E-087 0.24135E-084
-0.41250E+001 2.37486e-84 0.18909E-094 0.11383E-085 0.71132E-083
-0.40900E+001 6.78913e-83 0.68519E-093 0.34385E-084 0.20333E-081
-0.40550E+001 1.88249e-81 0.24082E-091 0.10074E-082 0.56374E-080
-0.40200E+001 5.06254e-80 0.82094E-090 0.28628E-081 0.15159E-078
-0.39850E+001 1.3205e-78 0.27144E-088 0.78906E-080 0.39536E-077
-0.39500E+001 3.3407e-77 0.87051E-087 0.21094E-078 0.10001E-075
-0.39150E+001 8.19723e-76 0.27078E-085 0.54695E-077 0.24537E-074
-0.38800E+001 1.95089e-74 0.81696E-084 0.13755E-075 0.58389E-073
-0.38450E+001 4.50318e-73 0.23907E-082 0.33553E-074 0.13476E-071
-0.38100E+001 1.00825e-71 0.67859E-081 0.79385E-073 0.30168E-070
-0.37750E+001 2.18944e-70 0.18682E-079 0.18217E-071 0.65501E-069
-0.37400E+001 4.61152e-69 0.49889E-078 0.40548E-070 0.13794E-067
-0.37050E+001 9.42085e-68 0.12922E-076 0.87539E-069 0.28175E-066
-0.36700E+001 1.86674e-66 0.32463E-075 0.18331E-067 0.55819E-065
-0.36350E+001 3.58774e-65 0.79107E-074 0.37231E-066 0.10726E-063
-0.36000E+001 6.68812e-64 0.18698E-072 0.73346E-065 0.19991E-062
-0.35650E+001 1.20931e-62 0.42866E-071 0.14015E-063 0.36139E-061
-0.35300E+001 2.12086e-61 0.95323E-070 0.25976E-062 0.63366E-060
-0.34950E+001 3.6079e-60 0.20561E-068 0.46698E-061 0.10777E-058
-0.34600E+001 5.95281e-59 0.43016E-067 0.81430E-060 0.17777E-057
-0.34250E+001 9.52724e-58 0.87295E-066 0.13773E-058 0.28444E-056
-0.33900E+001 1.47897e-56 0.17183E-064 0.22595E-057 0.44143E-055
-0.33550E+001 2.22699e-55 0.32808E-063 0.35956E-056 0.66450E-054
-0.33200E+001 3.25263e-54 0.60761E-062 0.55500E-055 0.97024E-053
-0.32850E+001 4.60803e-53 0.10915E-060 0.83095E-054 0.13741E-051
-0.32500E+001 6.33256e-52 0.19020E-059 0.12068E-052 0.18877E-050
-0.32150E+001 8.441e-51 0.32148E-058 0.17000E-051 0.25153E-049
-0.31800E+001 1.09141e-49 0.52707E-057 0.23229E-050 0.32510E-048
-0.31450E+001 1.36886e-48 0.83820E-056 0.30789E-049 0.40758E-047
-0.31100E+001 1.66536e-47 0.12930E-054 0.39584E-048 0.49565E-046
-0.30750E+001 1.96539e-46 0.19348E-053 0.49367E-047 0.58468E-045
-0.30400E+001 2.24991e-45 0.28083E-052 0.59721E-046 0.66900E-044
-0.30050E+001 2.49849e-44 0.39540E-051 0.70081E-045 0.74254E-043
-0.29700E+001 2.69142e-43 0.54002E-050 0.79774E-044 0.79945E-042
-0.29350E+001 2.81243e-42 0.71542E-049 0.88086E-043 0.83492E-041
-0.29000E+001 2.85092e-41 0.91939E-048 0.94351E-042 0.84584E-040
-0.28650E+001 2.80344e-40 0.11461E-046 0.98034E-041 0.83123E-039
-0.28300E+001 2.6743e-39 0.13859E-045 0.98811E-040 0.79241E-038
-0.27950E+001 2.4748e-38 0.16257E-044 0.96613E-039 0.73278E-037
-0.27600E+001 2.22175e-37 0.18499E-043 0.91636E-038 0.65736E-036
-0.27250E+001 1.93494e-36 0.20419E-042 0.84315E-037 0.57205E-035
-0.26900E+001 1.63482e-35 0.21864E-041 0.75259E-036 0.48292E-034
-0.26550E+001 1.34002e-34 0.22710E-040 0.65166E-035 0.39549E-033
-0.26200E+001 1.06558e-33 0.22883E-039 0.54740E-034 0.31420E-032
-0.25850E+001 8.22103e-33 0.22367E-038 0.44608E-033 0.24217E-031
-0.25500E+001 6.15322e-32 0.21209E-037 0.35265E-032 0.18107E-030
-0.25150E+001 4.46815e-31 0.19509E-036 0.27046E-031 0.13134E-029
-0.24800E+001 3.14801e-30 0.17408E-035 0.20124E-030 0.92428E-029
-0.24450E+001 2.15185e-29 0.15070E-034 0.14526E-029 0.63103E-028
-0.24100E+001 1.42714e-28 0.12655E-033 0.10173E-028 0.41797E-027
-0.23750E+001 9.18339e-28 0.10310E-032 0.69115E-028 0.26859E-026
-0.23400E+001 5.73386e-27 0.81482E-032 0.45558E-027 0.16746E-025
-0.23050E+001 3.47379e-26 0.62474E-031 0.29135E-026 0.10130E-024
-0.22700E+001 2.04193e-25 0.46469E-030 0.18078E-025 0.59450E-024
-0.22350E+001 1.16471e-24 0.33533E-029 0.10883E-024 0.33853E-023
-0.22000E+001 6.44656e-24 0.23475E-028 0.63565E-024 0.18704E-022
-0.21650E+001 3.46242e-23 0.15944E-027 0.36023E-023 0.10027E-021
-0.21300E+001 1.8046e-22 0.10505E-026 0.19808E-022 0.52157E-021
-0.20950E+001 9.12729e-22 0.67155E-026 0.10568E-021 0.26325E-020
-0.20600E+001 4.48005e-21 0.41649E-025 0.54711E-021 0.12893E-019
-0.20250E+001 2.13402e-20 0.25060E-024 0.27483E-020 0.61272E-019
-0.19900E+001 9.86558e-20 0.14629E-023 0.13396E-019 0.28257E-018
-0.19550E+001 4.42657e-19 0.82855E-023 0.63364E-019 0.12646E-017
-0.19200E+001 1.92759e-18 0.45529E-022 0.29083E-018 0.54919E-017
-0.18850E+001 8.14755e-18 0.24274E-021 0.12954E-017 0.23147E-016
-0.18500E+001 3.34251e-17 0.12556E-020 0.55991E-017 0.94675E-016
-0.18150E+001 1.33108e-16 0.63017E-020 0.23487E-016 0.37583E-015
-0.17800E+001 5.14548e-16 0.30687E-019 0.95612E-016 0.14480E-014
-0.17450E+001 1.93083e-15 0.14499E-018 0.37775E-015 0.54146E-014
-0.17100E+001 7.03372e-15 0.66470E-018 0.14485E-014 0.19652E-013
-0.16750E+001 2.48763e-14 0.29568E-017 0.53909E-014 0.69235E-013
-0.16400E+001 8.54189e-14 0.12762E-016 0.19474E-013 0.23677E-012
-0.16050E+001 2.84775e-13 0.53451E-016 0.68281E-013 0.78599E-012
-0.15700E+001 9.21872e-13 0.21723E-015 0.23240E-012 0.25330E-011
-0.15350E+001 2.8978e-12 0.85666E-015 0.76783E-012 0.79247E-011
-0.15000E+001 8.84569e-12 0.32783E-014 0.24628E-011 0.24071E-010
-0.14650E+001 2.6224e-11 0.12174E-013 0.76687E-011 0.70991E-010
-0.14300E+001 7.5506e-11 0.43873E-013 0.23184E-010 0.20329E-009
-0.13950E+001 2.11172e-10 0.15344E-012 0.68053E-010 0.56531E-009
-0.13600E+001 5.73697e-10 0.52079E-012 0.19397E-009 0.15266E-008
-0.13250E+001 1.51417e-09 0.17155E-011 0.53688E-009 0.40039E-008
-0.12900E+001 3.88253e-09 0.54844E-011 0.14431E-008 0.10199E-007
-0.12550E+001 9.67454e-09 0.17018E-010 0.37676E-008 0.25239E-007
-0.12200E+001 2.34261e-08 0.51254E-010 0.95541E-008 0.60673E-007
-0.11850E+001 5.51319e-08 0.14984E-009 0.23536E-007 0.14171E-006
-0.11500E+001 1.26132e-07 0.42520E-009 0.56330E-007 0.32164E-006
-0.11150E+001 2.8055e-07 0.11713E-008 0.13100E-006 0.70948E-006
-0.10800E+001 6.06804e-07 0.31326E-008 0.29608E-006 0.15212E-005
-0.10450E+001 1.27655e-06 0.81338E-008 0.65041E-006 0.31711E-005
-0.10100E+001 2.61254e-06 0.20506E-007 0.13890E-005 0.64281E-005
-0.97500E+000 5.20287e-06 0.50196E-007 0.28844E-005 0.12674E-004
-0.94000E+000 1.00859e-05 0.11933E-006 0.58254E-005 0.24313E-004
-0.90500E+000 1.90372e-05 0.27548E-006 0.11445E-004 0.45391E-004
-0.87000E+000 3.50009e-05 0.61773E-006 0.21882E-004 0.82503E-004
-0.83500E+000 6.27062e-05 0.13455E-005 0.40723E-004 0.14605E-003
-0.80000E+000 0.000109527 0.28473E-005 0.73793E-004 0.25194E-003
-0.76500E+000 0.000186591 0.58543E-005 0.13025E-003 0.42367E-003
-0.73000E+000 0.000310246 0.11697E-004 0.22405E-003 0.69499E-003
-0.69500E+000 0.000503742 0.22716E-004 0.37571E-003 0.11128E-002
-0.66000E+000 0.000799232 0.42885E-004 0.61451E-003 0.17403E-002
-0.62500E+000 0.00124002 0.78720E-004 0.98083E-003 0.26605E-002
-0.59000E+000 0.00188264 0.14053E-003 0.15286E-002 0.39788E-002
-0.55500E+000 0.00279915 0.24404E-003 0.23271E-002 0.58263E-002
-0.52000E+000 0.00407872 0.41237E-003 0.34630E-002 0.83608E-002
-0.48500E+000 0.00582878 0.67823E-003 0.50401E-002 0.11768E-001
-0.45000E+000 0.0081747 0.10862E-002 0.71779E-002 0.16260E-001
-0.41500E+000 0.0112585 0.16944E-002 0.10009E-001 0.22072E-001
-0.38000E+000 0.0152347 0.25760E-002 0.13671E-001 0.29457E-001
-0.34500E+000 0.0202635 0.38185E-002 0.18301E-001 0.38671E-001
-0.31000E+000 0.0265018 0.55223E-002 0.24022E-001 0.49961E-001
-0.27500E+000 0.034089 0.77971E-002 0.30929E-001 0.63541E-001
-0.24000E+000 0.0431327 0.10757E-001 0.39078E-001 0.79563E-001
-0.20500E+000 0.0536903 0.14513E-001 0.48473E-001 0.98085E-001
-0.17000E+000 0.0657507 0.19170E-001 0.59052E-001 0.11903E+000
-0.13500E+000 0.0792297 0.24818E-001 0.70691E-001 0.14218E+000
-0.10000E+000 0.0939467 0.31536E-001 0.83204E-001 0.16710E+000
-0.65000E-001 0.109643 0.39384E-001 0.96356E-001 0.19319E+000
-0.30000E-001 0.125989 0.48416E-001 0.10989E+000 0.21966E+000
0.50000E-002 0.142609 0.58676E-001 0.12355E+000 0.24560E+000
0.40000E-001 0.159109 0.70206E-001 0.13712E+000 0.27000E+000
0.75000E-001 0.175121 0.83044E-001 0.15044E+000 0.29188E+000
0.11000E+000 0.190323 0.97209E-001 0.16341E+000 0.31035E+000
0.14500E+000 0.204467 0.11269E+000 0.17601E+000 0.32470E+000
0.18000E+000 0.217403 0.12943E+000 0.18826E+000 0.33452E+000
0.21500E+000 0.229063 0.14729E+000 0.20019E+000 0.33971E+000
0.25000E+000 0.239423 0.16600E+000 0.21178E+000 0.34049E+000
0.28500E+000 0.248507 0.18523E+000 0.22289E+000 0.33740E+000
0.32000E+000 0.256333 0.20450E+000 0.23329E+000 0.33121E+000
0.35500E+000 0.26292 0.22328E+000 0.24261E+000 0.32287E+000
0.39000E+000 0.268227 0.24099E+000 0.25036E+000 0.31333E+000
0.42500E+000 0.272203 0.25709E+000 0.25601E+000 0.30351E+000
0.46000E+000 0.2748 0.27113E+000 0.25908E+000 0.29419E+000
0.49500E+000 0.275977 0.28278E+000 0.25923E+000 0.28592E+000
0.53000E+000 0.275747 0.29188E+000 0.25633E+000 0.27903E+000
0.56500E+000 0.274203 0.29844E+000 0.25057E+000 0.27360E+000
0.60000E+000 0.271523 0.30262E+000 0.24242E+000 0.26953E+000
0.63500E+000 0.267957 0.30468E+000 0.23265E+000 0.26654E+000
0.67000E+000 0.263833 0.30496E+000 0.22226E+000 0.26428E+000
0.70500E+000 0.25951 0.30381E+000 0.21235E+000 0.26237E+000
0.74000E+000 0.255347 0.30158E+000 0.20402E+000 0.26044E+000
0.77500E+000 0.25167 0.29856E+000 0.19823E+000 0.25822E+000
0.81000E+000 0.248753 0.29501E+000 0.19572E+000 0.25553E+000
0.84500E+000 0.24679 0.29116E+000 0.19690E+000 0.25231E+000
0.88000E+000 0.24591 0.28722E+000 0.20188E+000 0.24863E+000
0.91500E+000 0.246147 0.28340E+000 0.21037E+000 0.24467E+000
0.95000E+000 0.247487 0.27993E+000 0.22184E+000 0.24069E+000
0.98500E+000 0.249843 0.27706E+000 0.23549E+000 0.23698E+000
0.10200E+001 0.253093 0.27507E+000 0.25040E+000 0.23381E+000
0.10550E+001 0.25707 0.27422E+000 0.26557E+000 0.23142E+000
0.10900E+001 0.261587 0.27477E+000 0.28006E+000 0.22993E+000
0.11250E+001 0.26641 0.27690E+000 0.29300E+000 0.22933E+000
0.11600E+001 0.27129 0.28070E+000 0.30368E+000 0.22949E+000
0.11950E+001 0.275947 0.28610E+000 0.31157E+000 0.23017E+000
0.12300E+001 0.280083 0.29290E+000 0.31632E+000 0.23103E+000
0.12650E+001 0.28341 0.30074E+000 0.31779E+000 0.23170E+000
0.13000E+001 0.285627 0.30911E+000 0.31599E+000 0.23178E+000
0.13350E+001 0.286503 0.31740E+000 0.31114E+000 0.23097E+000
0.13700E+001 0.285833 0.32494E+000 0.30354E+000 0.22902E+000
0.14050E+001 0.283517 0.33110E+000 0.29363E+000 0.22582E+000
0.14400E+001 0.279533 0.33528E+000 0.28194E+000 0.22138E+000
0.14750E+001 0.273943 0.33703E+000 0.26900E+000 0.21580E+000
0.15100E+001 0.26691 0.33606E+000 0.25538E+000 0.20929E+000
0.15450E+001 0.25866 0.33223E+000 0.24162E+000 0.20213E+000
0.15800E+001 0.249463 0.32559E+000 0.22818E+000 0.19462E+000
0.16150E+001 0.239627 0.31636E+000 0.21547E+000 0.18705E+000
0.16500E+001 0.229433 0.30486E+000 0.20376E+000 0.17968E+000
0.16850E+001 0.219157 0.29153E+000 0.19322E+000 0.17272E+000
0.17200E+001 0.209027 0.27685E+000 0.18393E+000 0.16630E+000
0.17550E+001 0.199233 0.26135E+000 0.17585E+000 0.16050E+000
0.17900E+001 0.18992 0.24555E+000 0.16889E+000 0.15532E+000
0.18250E+001 0.18118 0.22992E+000 0.16289E+000 0.15073E+000
0.18600E+001 0.17307 0.21490E+000 0.15768E+000 0.14663E+000
0.18950E+001 0.165617 0.20084E+000 0.15308E+000 0.14293E+000
0.19300E+001 0.158823 0.18800E+000 0.14893E+000 0.13954E+000
0.19650E+001 0.152667 0.17651E+000 0.14511E+000 0.13638E+000
0.20000E+001 0.147107 0.16644E+000 0.14152E+000 0.13336E+000
0.20350E+001 0.142097 0.15773E+000 0.13811E+000 0.13045E+000
0.20700E+001 0.137577 0.15027E+000 0.13484E+000 0.12762E+000
0.21050E+001 0.13349 0.14389E+000 0.13170E+000 0.12488E+000
0.21400E+001 0.129787 0.13843E+000 0.12870E+000 0.12223E+000
0.21750E+001 0.126423 0.13371E+000 0.12584E+000 0.11972E+000
0.22100E+001 0.123353 0.12958E+000 0.12313E+000 0.11735E+000
0.22450E+001 0.12057 0.12593E+000 0.12059E+000 0.11519E+000
0.22800E+001 0.118047 0.12267E+000 0.11822E+000 0.11325E+000
0.23150E+001 0.115787 0.11975E+000 0.11604E+000 0.11157E+000
0.23500E+001 0.113803 0.11714E+000 0.11408E+000 0.11019E+000
0.23850E+001 0.11211 0.11481E+000 0.11237E+000 0.10915E+000
0.24200E+001 0.11071 0.11273E+000 0.11095E+000 0.10845E+000
0.24550E+001 0.10962 0.11088E+000 0.10985E+000 0.10813E+000
0.24900E+001 0.108843 0.10922E+000 0.10913E+000 0.10818E+000
0.25250E+001 0.10837 0.10772E+000 0.10879E+000 0.10860E+000
0.25600E+001 0.1082 0.10634E+000 0.10889E+000 0.10937E+000
0.25950E+001 0.108317 0.10507E+000 0.10943E+000 0.11045E+000
0.26300E+001 0.108707 0.10391E+000 0.11041E+000 0.11180E+000
0.26650E+001 0.10934 0.10286E+000 0.11183E+000 0.11333E+000
0.27000E+001 0.110207 0.10196E+000 0.11367E+000 0.11499E+000
0.27350E+001 0.111277 0.10126E+000 0.11589E+000 0.11668E+000
0.27700E+001 0.112533 0.10083E+000 0.11845E+000 0.11832E+000
0.28050E+001 0.11394 0.10071E+000 0.12129E+000 0.11982E+000
0.28400E+001 0.115467 0.10097E+000 0.12433E+000 0.12110E+000
0.28750E+001 0.117067 0.10163E+000 0.12748E+000 0.12209E+000
0.29100E+001 0.118703 0.10271E+000 0.13064E+000 0.12276E+000
0.29450E+001 0.12031 0.10418E+000 0.13369E+000 0.12306E+000
0.29800E+001 0.121843 0.10599E+000 0.13654E+000 0.12300E+000
0.30150E+001 0.123247 0.10807E+000 0.13908E+000 0.12259E+000
0.30500E+001 0.124477 0.11030E+000 0.14124E+000 0.12189E+000
0.30850E+001 0.125493 0.11258E+000 0.14294E+000 0.12096E+000
0.31200E+001 0.12629 0.11481E+000 0.14417E+000 0.11989E+000
0.31550E+001 0.126863 0.11690E+000 0.14492E+000 0.11877E+000
0.31900E+001 0.12723 0.11878E+000 0.14521E+000 0.11770E+000
0.32250E+001 0.12743 0.12041E+000 0.14511E+000 0.11677E+000
0.32600E+001 0.12751 0.12179E+000 0.14468E+000 0.11606E+000
0.32950E+001 0.127527 0.12292E+000 0.14402E+000 0.11564E+000
0.33300E+001 0.12754 0.12386E+000 0.14321E+000 0.11555E+000
0.33650E+001 0.127597 0.12462E+000 0.14236E+000 0.11581E+000
0.34000E+001 0.127753 0.12526E+000 0.14156E+000 0.11644E+000
0.34350E+001 0.12805 0.12582E+000 0.14091E+000 0.11742E+000
0.34700E+001 0.128507 0.12630E+000 0.14050E+000 0.11872E+000
0.35050E+001 0.129153 0.12674E+000 0.14040E+000 0.12032E+000
0.35400E+001 0.129997 0.12713E+000 0.14068E+000 0.12218E+000
0.35750E+001 0.131047 0.12749E+000 0.14140E+000 0.12425E+000
0.36100E+001 0.13231 0.12781E+000 0.14259E+000 0.12653E+000
0.36450E+001 0.133787 0.12811E+000 0.14427E+000 0.12898E+000
0.36800E+001 0.13547 0.12840E+000 0.14642E+000 0.13159E+000
0.37150E+001 0.13737 0.12871E+000 0.14904E+000 0.13436E+000
0.37500E+001 0.13948 0.12908E+000 0.15208E+000 0.13728E+000
0.37850E+001 0.14179 0.12955E+000 0.15549E+000 0.14033E+000
0.38200E+001 0.144287 0.13019E+000 0.15920E+000 0.14347E+000
0.38550E+001 0.146947 0.13104E+000 0.16313E+000 0.14667E+000
0.38900E+001 0.149737 0.13215E+000 0.16721E+000 0.14985E+000
0.39250E+001 0.152603 0.13357E+000 0.17132E+000 0.15292E+000
0.39600E+001 0.155477 0.13531E+000 0.17535E+000 0.15577E+000
0.39950E+001 0.15829 0.13740E+000 0.17917E+000 0.15830E+000
0.40300E+001 0.160947 0.13983E+000 0.18264E+000 0.16037E+000
0.40650E+001 0.16336 0.14258E+000 0.18559E+000 0.16191E+000
0.41000E+001 0.165443 0.14560E+000 0.18789E+000 0.16284E+000
0.41350E+001 0.167117 0.14883E+000 0.18940E+000 0.16312E+000
0.41700E+001 0.168327 0.15220E+000 0.19002E+000 0.16276E+000
0.42050E+001 0.16904 0.15562E+000 0.18970E+000 0.16180E+000
0.42400E+001 0.169243 0.15897E+000 0.18844E+000 0.16032E+000
0.42750E+001 0.168963 0.16216E+000 0.18629E+000 0.15844E+000
0.43100E+001 0.168217 0.16504E+000 0.18336E+000 0.15625E+000
0.43450E+001 0.167077 0.16753E+000 0.17981E+000 0.15389E+000
0.43800E+001 0.165593 0.16950E+000 0.17581E+000 0.15147E+000
0.44150E+001 0.16383 0.17086E+000 0.17155E+000 0.14908E+000
0.44500E+001 0.161857 0.17156E+000 0.16722E+000 0.14679E+000
0.44850E+001 0.159733 0.17154E+000 0.16299E+000 0.14467E+000
0.45200E+001 0.157523 0.17082E+000 0.15902E+000 0.14273E+000
0.45550E+001 0.15527 0.16941E+000 0.15541E+000 0.14099E+000
0.45900E+001 0.153033 0.16738E+000 0.15227E+000 0.13945E+000
0.46250E+001 0.150853 0.16481E+000 0.14964E+000 0.13811E+000
0.46600E+001 0.148783 0.16182E+000 0.14758E+000 0.13695E+000
0.46950E+001 0.146853 0.15852E+000 0.14608E+000 0.13596E+000
0.47300E+001 0.145117 0.15504E+000 0.14516E+000 0.13515E+000
0.47650E+001 0.143593 0.15151E+000 0.14476E+000 0.13451E+000
0.48000E+001 0.142333 0.14806E+000 0.14487E+000 0.13407E+000
0.48350E+001 0.141333 0.14478E+000 0.14539E+000 0.13383E+000
0.48700E+001 0.140627 0.14177E+000 0.14627E+000 0.13384E+000
0.49050E+001 0.140213 0.13911E+000 0.14742E+000 0.13411E+000
0.49400E+001 0.140077 0.13686E+000 0.14872E+000 0.13465E+000
0.49750E+001 0.140207 0.13504E+000 0.15010E+000 0.13548E+000
0.50100E+001 0.140553 0.13367E+000 0.15144E+000 0.13655E+000
0.50450E+001 0.141083 0.13275E+000 0.15267E+000 0.13783E+000
0.50800E+001 0.141727 0.13224E+000 0.15372E+000 0.13922E+000
0.51150E+001 0.142433 0.13211E+000 0.15454E+000 0.14065E+000
0.51500E+001 0.14313 0.13231E+000 0.15510E+000 0.14198E+000
0.51850E+001 0.143767 0.13277E+000 0.15541E+000 0.14312E+000
0.52200E+001 0.144317 0.13346E+000 0.15551E+000 0.14398E+000
0.52550E+001 0.144743 0.13430E+000 0.15545E+000 0.14448E+000
0.52900E+001 0.145057 0.13527E+000 0.15530E+000 0.14460E+000
0.53250E+001 0.145267 0.13633E+000 0.15514E+000 0.14433E+000
0.53600E+001 0.145397 0.13743E+000 0.15506E+000 0.14370E+000
0.53950E+001 0.14549 0.13856E+000 0.15512E+000 0.14279E+000
0.54300E+001 0.145573 0.13967E+000 0.15538E+000 0.14167E+000
0.54650E+001 0.145687 0.14073E+000 0.15588E+000 0.14045E+000
0.55000E+001 0.14585 0.14171E+000 0.15662E+000 0.13922E+000
0.55350E+001 0.146083 0.14257E+000 0.15761E+000 0.13807E+000
0.55700E+001 0.14639 0.14328E+000 0.15882E+000 0.13707E+000
0.56050E+001 0.146773 0.14382E+000 0.16023E+000 0.13627E+000
0.56400E+001 0.147237 0.14419E+000 0.16181E+000 0.13571E+000
0.56750E+001 0.14779 0.14442E+000 0.16355E+000 0.13540E+000
0.57100E+001 0.14844 0.14456E+000 0.16543E+000 0.13533E+000
0.57450E+001 0.149217 0.14468E+000 0.16747E+000 0.13550E+000
0.57800E+001 0.150137 0.14485E+000 0.16967E+000 0.13589E+000
0.58150E+001 0.15124 0.14517E+000 0.17206E+000 0.13649E+000
0.58500E+001 0.152557 0.14572E+000 0.17466E+000 0.13729E+000
0.58850E+001 0.15412 0.14657E+000 0.17750E+000 0.13829E+000
0.59200E+001 0.155947 0.14775E+000 0.18061E+000 0.13948E+000
0.59550E+001 0.158053 0.14929E+000 0.18399E+000 0.14088E+000
0.59900E+001 0.160417 0.15116E+000 0.18761E+000 0.14248E+000
0.60250E+001 0.16302 0.15331E+000 0.19145E+000 0.14430E+000
0.60600E+001 0.165817 0.15569E+000 0.19543E+000 0.14633E+000
0.60950E+001 0.168747 0.15822E+000 0.19947E+000 0.14855E+000
0.61300E+001 0.17174 0.16082E+000 0.20346E+000 0.15094E+000
0.61650E+001 0.17473 0.16344E+000 0.20729E+000 0.15346E+000
0.62000E+001 0.177653 0.16605E+000 0.21084E+000 0.15607E+000
0.62350E+001 0.18046 0.16865E+000 0.21403E+000 0.15870E+000
0.62700E+001 0.183123 0.17128E+000 0.21678E+000 0.16131E+000
0.63050E+001 0.185617 0.17399E+000 0.21904E+000 0.16382E+000
0.63400E+001 0.187947 0.17684E+000 0.22082E+000 0.16618E+000
0.63750E+001 0.19011 0.17988E+000 0.22211E+000 0.16834E+000
0.64100E+001 0.192127 0.18318E+000 0.22296E+000 0.17024E+000
0.64450E+001 0.194007 0.18673E+000 0.22342E+000 0.17187E+000
0.64800E+001 0.19575 0.19051E+000 0.22355E+000 0.17319E+000
0.65150E+001 0.197367 0.19446E+000 0.22343E+000 0.17421E+000
0.65500E+001 0.198833 0.19846E+000 0.22312E+000 0.17492E+000
0.65850E+001 0.200143 0.20239E+000 0.22271E+000 0.17533E+000
0.66200E+001 0.20128 0.20609E+000 0.22226E+000 0.17549E+000
0.66550E+001 0.202227 0.20940E+000 0.22186E+000 0.17542E+000
0.66900E+001 0.202973 0.21217E+000 0.22157E+000 0.17518E+000
0.67250E+001 0.203517 0.21428E+000 0.22144E+000 0.17483E+000
0.67600E+001 0.20387 0.21564E+000 0.22150E+000 0.17447E+000
0.67950E+001 0.204053 0.21623E+000 0.22175E+000 0.17418E+000
0.68300E+001 0.2041 0.21609E+000 0.22216E+000 0.17405E+000
0.68650E+001 0.204043 0.21531E+000 0.22266E+000 0.17416E+000
0.69000E+001 0.203927 0.21402E+000 0.22318E+000 0.17458E+000
0.69350E+001 0.20379 0.21241E+000 0.22363E+000 0.17533E+000
0.69700E+001 0.20366 0.21067E+000 0.22391E+000 0.17640E+000
0.70050E+001 0.203567 0.20897E+000 0.22397E+000 0.17776E+000
0.70400E+001 0.203517 0.20748E+000 0.22377E+000 0.17930E+000
0.70750E+001 0.203517 0.20630E+000 0.22332E+000 0.18093E+000
0.71100E+001 0.203547 0.20548E+000 0.22265E+000 0.18251E+000
0.71450E+001 0.2036 0.20505E+000 0.22183E+000 0.18392E+000
0.71800E+001 0.20364 0.20496E+000 0.22091E+000 0.18505E+000
0.72150E+001 0.203637 0.20516E+000 0.21996E+000 0.18579E+000
0.72500E+001 0.203553 0.20554E+000 0.21902E+000 0.18610E+000
0.72850E+001 0.203353 0.20602E+000 0.21810E+000 0.18594E+000
0.73200E+001 0.202993 0.20650E+000 0.21717E+000 0.18531E+000
0.73550E+001 0.202437 0.20691E+000 0.21616E+000 0.18424E+000
0.73900E+001 0.201643 0.20715E+000 0.21500E+000 0.18278E+000
0.74250E+001 0.20057 0.20716E+000 0.21357E+000 0.18098E+000
0.74600E+001 0.199183 0.20687E+000 0.21177E+000 0.17891E+000
0.74950E+001 0.19745 0.20621E+000 0.20951E+000 0.17663E+000
0.75300E+001 0.19534 0.20515E+000 0.20669E+000 0.17418E+000
0.75650E+001 0.192847 0.20364E+000 0.20329E+000 0.17161E+000
0.76000E+001 0.18995 0.20165E+000 0.19929E+000 0.16891E+000
0.76350E+001 0.186673 0.19918E+000 0.19474E+000 0.16610E+000
0.76700E+001 0.183037 0.19625E+000 0.18971E+000 0.16315E+000
0.77050E+001 0.179103 0.19290E+000 0.18435E+000 0.16006E+000
0.77400E+001 0.174937 0.18919E+000 0.17882E+000 0.15680E+000
0.77750E+001 0.170643 0.18522E+000 0.17331E+000 0.15340E+000
0.78100E+001 0.16632 0.18106E+000 0.16802E+000 0.14988E+000
0.78450E+001 0.16209 0.17682E+000 0.16314E+000 0.14631E+000
0.78800E+001 0.158057 0.17260E+000 0.15882E+000 0.14275E+000
0.79150E+001 0.15433 0.16849E+000 0.15519E+000 0.13931E+000
0.79500E+001 0.150983 0.16455E+000 0.15231E+000 0.13609E+000
0.79850E+001 0.148083 0.16086E+000 0.15021E+000 0.13318E+000
0.80200E+001 0.14565 0.15745E+000 0.14884E+000 0.13066E+000
0.80550E+001 0.14369 0.15436E+000 0.14814E+000 0.12857E+000
0.80900E+001 0.14218 0.15161E+000 0.14801E+000 0.12692E+000
0.81250E+001 0.14107 0.14919E+000 0.14833E+000 0.12569E+000
0.81600E+001 0.1403 0.14710E+000 0.14897E+000 0.12483E+000
0.81950E+001 0.139807 0.14533E+000 0.14981E+000 0.12428E+000
0.82300E+001 0.139497 0.14384E+000 0.15071E+000 0.12394E+000
0.82650E+001 0.139303 0.14262E+000 0.15155E+000 0.12374E+000
0.83000E+001 0.139157 0.14162E+000 0.15224E+000 0.12361E+000
0.83350E+001 0.138987 0.14082E+000 0.15267E+000 0.12347E+000
0.83700E+001 0.138753 0.14020E+000 0.15278E+000 0.12328E+000
0.84050E+001 0.138427 0.13974E+000 0.15251E+000 0.12303E+000
0.84400E+001 0.13799 0.13942E+000 0.15187E+000 0.12268E+000
0.84750E+001 0.137453 0.13925E+000 0.15086E+000 0.12225E+000
0.85100E+001 0.13684 0.13923E+000 0.14953E+000 0.12176E+000
0.85450E+001 0.136183 0.13936E+000 0.14795E+000 0.12124E+000
0.85800E+001 0.13554 0.13967E+000 0.14622E+000 0.12073E+000
0.86150E+001 0.134947 0.14014E+000 0.14443E+000 0.12027E+000
0.86500E+001 0.134453 0.14077E+000 0.14268E+000 0.11991E+000
0.86850E+001 0.1341 0.14153E+000 0.14106E+000 0.11971E+000
0.87200E+001 0.133897 0.14238E+000 0.13963E+000 0.11968E+000
0.87550E+001 0.13387 0.14330E+000 0.13845E+000 0.11986E+000
0.87900E+001 0.134007 0.14422E+000 0.13755E+000 0.12025E+000
0.88250E+001 0.134293 0.14510E+000 0.13694E+000 0.12084E+000
0.88600E+001 0.134717 0.14591E+000 0.13663E+000 0.12161E+000
0.88950E+001 0.13524 0.14662E+000 0.13660E+000 0.12250E+000
0.89300E+001 0.135843 0.14721E+000 0.13685E+000 0.12347E+000
0.89650E+001 0.136487 0.14768E+000 0.13734E+000 0.12444E+000
0.90000E+001 0.13717 0.14805E+000 0.13808E+000 0.12538E+000
0.90350E+001 0.137863 0.14834E+000 0.13902E+000 0.12623E+000
0.90700E+001 0.138567 0.14857E+000 0.14016E+000 0.12697E+000
0.91050E+001 0.13928 0.14877E+000 0.14146E+000 0.12761E+000
0.91400E+001 0.140007 0.14897E+000 0.14290E+000 0.12815E+000
0.91750E+001 0.140777 0.14921E+000 0.14446E+000 0.12866E+000
0.92100E+001 0.141597 0.14950E+000 0.14610E+000 0.12919E+000
0.92450E+001 0.14249 0.14986E+000 0.14780E+000 0.12981E+000
0.92800E+001 0.143483 0.15032E+000 0.14953E+000 0.13060E+000
0.93150E+001 0.144593 0.15089E+000 0.15124E+000 0.13165E+000
0.93500E+001 0.145823 0.15156E+000 0.15290E+000 0.13301E+000
0.93850E+001 0.147193 0.15235E+000 0.15449E+000 0.13474E+000
0.94200E+001 0.148697 0.15324E+000 0.15596E+000 0.13689E+000
0.94550E+001 0.150327 0.15424E+000 0.15728E+000 0.13946E+000
0.94900E+001 0.152057 0.15531E+000 0.15841E+000 0.14245E+000
0.95250E+001 0.15387 0.15646E+000 0.15934E+000 0.14581E+000
0.95600E+001 0.155723 0.15767E+000 0.16002E+000 0.14948E+000
0.95950E+001 0.15758 0.15892E+000 0.16047E+000 0.15335E+000
0.96300E+001 0.159393 0.16021E+000 0.16067E+000 0.15730E+000
0.96650E+001 0.161113 0.16152E+000 0.16063E+000 0.16119E+000
0.97000E+001 0.162693 0.16285E+000 0.16039E+000 0.16484E+000
0.97350E+001 0.164097 0.16420E+000 0.15997E+000 0.16812E+000
0.97700E+001 0.165283 0.16556E+000 0.15941E+000 0.17088E+000
0.98050E+001 0.166217 0.16690E+000 0.15873E+000 0.17302E+000
0.98400E+001 0.16688 0.16819E+000 0.15797E+000 0.17448E+000
0.98750E+001 0.167267 0.16939E+000 0.15714E+000 0.17527E+000
0.99100E+001 0.16737 0.17042E+000 0.15626E+000 0.17543E+000
0.99450E+001 0.1672 0.17122E+000 0.15532E+000 0.17506E+000
0.99800E+001 0.166757 0.17170E+000 0.15431E+000 0.17426E+000
0.10015E+002 0.166067 0.17179E+000 0.15322E+000 0.17319E+000
0.10050E+002 0.165147 0.17145E+000 0.15202E+000 0.17197E+000
0.10085E+002 0.164017 0.17063E+000 0.15069E+000 0.17073E+000
0.10120E+002 0.162703 0.16934E+000 0.14921E+000 0.16956E+000
0.10155E+002 0.161243 0.16763E+000 0.14758E+000 0.16852E+000
0.10190E+002 0.159663 0.16556E+000 0.14580E+000 0.16763E+000
0.10225E+002 0.158003 0.16323E+000 0.14389E+000 0.16689E+000
0.10260E+002 0.156277 0.16072E+000 0.14186E+000 0.16625E+000
0.10295E+002 0.154517 0.15813E+000 0.13977E+000 0.16565E+000
0.10330E+002 0.15274 0.15554E+000 0.13765E+000 0.16503E+000
0.10365E+002 0.150957 0.15301E+000 0.13554E+000 0.16432E+000
0.10400E+002 0.149173 0.15058E+000 0.13348E+000 0.16346E+000
0.10435E+002 0.147383 0.14826E+000 0.13149E+000 0.16240E+000
0.10470E+002 0.1456 0.14607E+000 0.12961E+000 0.16112E+000
0.10505E+002 0.143827 0.14399E+000 0.12783E+000 0.15966E+000
0.10540E+002 0.14207 0.14203E+000 0.12615E+000 0.15803E+000
0.10575E+002 0.14034 0.14016E+000 0.12455E+000 0.15631E+000
0.10610E+002 0.138667 0.13841E+000 0.12303E+000 0.15456E+000
0.10645E+002 0.137063 0.13676E+000 0.12156E+000 0.15287E+000
0.10680E+002 0.135543 0.13521E+000 0.12014E+000 0.15128E+000
0.10715E+002 0.134117 0.13378E+000 0.11874E+000 0.14983E+000
0.10750E+002 0.132787 0.13246E+000 0.11737E+000 0.14853E+000
0.10785E+002 0.131547 0.13127E+000 0.11603E+000 0.14734E+000
0.10820E+002 0.13037 0.13020E+000 0.11471E+000 0.14620E+000
0.10855E+002 0.129243 0.12927E+000 0.11342E+000 0.14504E+000
0.10890E+002 0.128143 0.12847E+000 0.11219E+000 0.14377E+000
0.10925E+002 0.127067 0.12784E+000 0.11103E+000 0.14233E+000
0.10960E+002 0.125993 0.12736E+000 0.10996E+000 0.14066E+000
0.10995E+002 0.124927 0.12706E+000 0.10898E+000 0.13874E+000
0.11030E+002 0.12388 0.12693E+000 0.10812E+000 0.13659E+000
0.11065E+002 0.12286 0.12696E+000 0.10738E+000 0.13424E+000
0.11100E+002 0.121863 0.12711E+000 0.10674E+000 0.13174E+000
0.11135E+002 0.120907 0.12734E+000 0.10621E+000 0.12917E+000
0.11170E+002 0.11997 0.12759E+000 0.10574E+000 0.12658E+000
0.11205E+002 0.119043 0.12780E+000 0.10532E+000 0.12401E+000
0.11240E+002 0.118107 0.12791E+000 0.10490E+000 0.12151E+000
0.11275E+002 0.117127 0.12786E+000 0.10444E+000 0.11908E+000
0.11310E+002 0.116077 0.12761E+000 0.10390E+000 0.11672E+000
0.11345E+002 0.114933 0.12712E+000 0.10324E+000 0.11444E+000
0.11380E+002 0.11369 0.12640E+000 0.10244E+000 0.11223E+000
0.11415E+002 0.11234 0.12545E+000 0.10147E+000 0.11010E+000
0.11450E+002 0.110897 0.12428E+000 0.10032E+000 0.10809E+000
0.11485E+002 0.109379 0.12291E+000 0.99007E-001 0.10622E+000
0.11520E+002 0.107821 0.12138E+000 0.97533E-001 0.10455E+000
0.11555E+002 0.106251 0.11972E+000 0.95923E-001 0.10311E+000
0.11590E+002 0.104695 0.11794E+000 0.94206E-001 0.10194E+000
0.11625E+002 0.103177 0.11607E+000 0.92412E-001 0.10105E+000
0.11660E+002 0.101714 0.11413E+000 0.90573E-001 0.10044E+000
0.11695E+002 0.100307 0.11213E+000 0.88722E-001 0.10007E+000
0.11730E+002 0.098955 0.11008E+000 0.86888E-001 0.99897E-001
0.11765E+002 0.0976447 0.10799E+000 0.85097E-001 0.99847E-001
0.11800E+002 0.096364 0.10587E+000 0.83373E-001 0.99849E-001
0.11835E+002 0.0950873 0.10370E+000 0.81732E-001 0.99830E-001
0.11870E+002 0.0938043 0.10150E+000 0.80186E-001 0.99727E-001
0.11905E+002 0.0925013 0.99273E-001 0.78742E-001 0.99489E-001
0.11940E+002 0.091166 0.97013E-001 0.77398E-001 0.99087E-001
0.11975E+002 0.0897963 0.94734E-001 0.76148E-001 0.98507E-001
0.12010E+002 0.0883957 0.92453E-001 0.74980E-001 0.97754E-001
0.12045E+002 0.086974 0.90194E-001 0.73879E-001 0.96849E-001
0.12080E+002 0.0855447 0.87983E-001 0.72827E-001 0.95824E-001
0.12115E+002 0.084125 0.85851E-001 0.71806E-001 0.94718E-001
0.12150E+002 0.0827333 0.83824E-001 0.70803E-001 0.93573E-001
0.12185E+002 0.081386 0.81923E-001 0.69802E-001 0.92433E-001
0.12220E+002 0.0800957 0.80160E-001 0.68795E-001 0.91332E-001
0.12255E+002 0.0788697 0.78533E-001 0.67776E-001 0.90300E-001
0.12290E+002 0.0777087 0.77029E-001 0.66741E-001 0.89356E-001
0.12325E+002 0.076607 0.75623E-001 0.65690E-001 0.88508E-001
0.12360E+002 0.0755547 0.74284E-001 0.64625E-001 0.87755E-001
0.12395E+002 0.0745377 0.72979E-001 0.63547E-001 0.87087E-001
0.12430E+002 0.0735417 0.71678E-001 0.62458E-001 0.86489E-001
0.12465E+002 0.072553 0.70357E-001 0.61361E-001 0.85941E-001
0.12500E+002 0.071561 0.69002E-001 0.60255E-001 0.85426E-001
0.12535E+002 0.0705583 0.67608E-001 0.59141E-001 0.84926E-001
0.12570E+002 0.0695413 0.66183E-001 0.58017E-001 0.84424E-001
0.12605E+002 0.06851 0.64741E-001 0.56881E-001 0.83908E-001
0.12640E+002 0.0674647 0.63301E-001 0.55731E-001 0.83362E-001
0.12675E+002 0.066409 0.61887E-001 0.54564E-001 0.82776E-001
0.12710E+002 0.065345 0.60520E-001 0.53379E-001 0.82136E-001
0.12745E+002 0.0642763 0.59219E-001 0.52176E-001 0.81434E-001
0.12780E+002 0.0632073 0.58002E-001 0.50957E-001 0.80663E-001
0.12815E+002 0.0621433 0.56881E-001 0.49727E-001 0.79822E-001
0.12850E+002 0.0610913 0.55864E-001 0.48491E-001 0.78919E-001
0.12885E+002 0.060059 0.54956E-001 0.47257E-001 0.77964E-001
0.12920E+002 0.059056 0.54155E-001 0.46036E-001 0.76977E-001
0.12955E+002 0.0580917 0.53456E-001 0.44837E-001 0.75982E-001
0.12990E+002 0.057175 0.52849E-001 0.43675E-001 0.75001E-001
0.13025E+002 0.0563103 0.52316E-001 0.42561E-001 0.74054E-001
0.13060E+002 0.0555013 0.51837E-001 0.41510E-001 0.73157E-001
0.13095E+002 0.0547467 0.51387E-001 0.40536E-001 0.72317E-001
0.13130E+002 0.054041 0.50939E-001 0.39652E-001 0.71532E-001
0.13165E+002 0.0533787 0.50468E-001 0.38873E-001 0.70795E-001
0.13200E+002 0.052753 0.49954E-001 0.38211E-001 0.70094E-001
0.13235E+002 0.0521573 0.49381E-001 0.37677E-001 0.69414E-001
0.13270E+002 0.051587 0.48741E-001 0.37278E-001 0.68742E-001
0.13305E+002 0.051039 0.48034E-001 0.37018E-001 0.68065E-001
0.13340E+002 0.0505113 0.47266E-001 0.36893E-001 0.67375E-001
0.13375E+002 0.050002 0.46450E-001 0.36893E-001 0.66663E-001
0.13410E+002 0.0495073 0.45600E-001 0.36998E-001 0.65924E-001
0.13445E+002 0.0490227 0.44733E-001 0.37183E-001 0.65152E-001
0.13480E+002 0.048541 0.43866E-001 0.37416E-001 0.64341E-001
0.13515E+002 0.0480527 0.43013E-001 0.37660E-001 0.63485E-001
0.13550E+002 0.0475477 0.42189E-001 0.37880E-001 0.62574E-001
0.13585E+002 0.047015 0.41402E-001 0.38043E-001 0.61600E-001
0.13620E+002 0.046445 0.40662E-001 0.38119E-001 0.60554E-001
0.13655E+002 0.0458303 0.39975E-001 0.38090E-001 0.59426E-001
0.13690E+002 0.0451667 0.39343E-001 0.37947E-001 0.58210E-001
0.13725E+002 0.044453 0.38768E-001 0.37690E-001 0.56901E-001
0.13760E+002 0.04369 0.38245E-001 0.37329E-001 0.55496E-001
0.13795E+002 0.0428837 0.37770E-001 0.36883E-001 0.53998E-001
0.13830E+002 0.042041 0.37334E-001 0.36376E-001 0.52413E-001
0.13865E+002 0.0411697 0.36926E-001 0.35831E-001 0.50752E-001
0.13900E+002 0.040279 0.36534E-001 0.35273E-001 0.49030E-001
0.13935E+002 0.0393787 0.36145E-001 0.34723E-001 0.47268E-001
0.13970E+002 0.0384773 0.35750E-001 0.34195E-001 0.45487E-001
0.14005E+002 0.0375817 0.35338E-001 0.33695E-001 0.43712E-001
0.14040E+002 0.0366987 0.34907E-001 0.33224E-001 0.41965E-001
0.14075E+002 0.035832 0.34454E-001 0.32772E-001 0.40270E-001
0.14110E+002 0.0349863 0.33986E-001 0.32327E-001 0.38646E-001
0.14145E+002 0.0341617 0.33507E-001 0.31873E-001 0.37105E-001
0.14180E+002 0.0333597 0.33028E-001 0.31393E-001 0.35658E-001
0.14215E+002 0.0325793 0.32556E-001 0.30873E-001 0.34309E-001
0.14250E+002 0.0318177 0.32097E-001 0.30302E-001 0.33054E-001
0.14285E+002 0.031073 0.31652E-001 0.29677E-001 0.31890E-001
0.14320E+002 0.0303407 0.31218E-001 0.28998E-001 0.30806E-001
0.14355E+002 0.029617 0.30786E-001 0.28273E-001 0.29792E-001
0.14390E+002 0.0288977 0.30342E-001 0.27512E-001 0.28839E-001
0.14425E+002 0.028181 0.29874E-001 0.26730E-001 0.27939E-001
0.14460E+002 0.0274637 0.29367E-001 0.25939E-001 0.27085E-001
0.14495E+002 0.0267483 0.28813E-001 0.25154E-001 0.26278E-001
0.14530E+002 0.0260353 0.28206E-001 0.24381E-001 0.25519E-001
0.14565E+002 0.025331 0.27548E-001 0.23627E-001 0.24818E-001
0.14600E+002 0.02464 0.26844E-001 0.22893E-001 0.24183E-001
0.14635E+002 0.0239697 0.26104E-001 0.22176E-001 0.23629E-001
0.14670E+002 0.023328 0.25340E-001 0.21473E-001 0.23171E-001
0.14705E+002 0.022722 0.24563E-001 0.20778E-001 0.22825E-001
0.14740E+002 0.022159 0.23784E-001 0.20088E-001 0.22605E-001
0.14775E+002 0.0216463 0.23010E-001 0.19403E-001 0.22526E-001
0.14810E+002 0.02119 0.22245E-001 0.18725E-001 0.22600E-001
0.14845E+002 0.0207977 0.21494E-001 0.18063E-001 0.22836E-001
0.14880E+002 0.0204753 0.20758E-001 0.17429E-001 0.23239E-001
0.14915E+002 0.020229 0.20037E-001 0.16838E-001 0.23812E-001
0.14950E+002 0.0200643 0.19332E-001 0.16309E-001 0.24552E-001
0.14985E+002 0.0199847 0.18645E-001 0.15859E-001 0.25450E-001
0.15020E+002 0.019993 0.17978E-001 0.15507E-001 0.26494E-001
0.15055E+002 0.0200877 0.17332E-001 0.15267E-001 0.27664E-001
0.15090E+002 0.0202677 0.16712E-001 0.15152E-001 0.28939E-001
0.15125E+002 0.020526 0.16120E-001 0.15168E-001 0.30290E-001
0.15160E+002 0.0208567 0.15562E-001 0.15318E-001 0.31690E-001
0.15195E+002 0.0212483 0.15041E-001 0.15598E-001 0.33106E-001
0.15230E+002 0.0216917 0.14566E-001 0.15999E-001 0.34510E-001
0.15265E+002 0.0221757 0.14144E-001 0.16507E-001 0.35876E-001
0.15300E+002 0.0226903 0.13784E-001 0.17105E-001 0.37182E-001
0.15335E+002 0.023227 0.13495E-001 0.17771E-001 0.38415E-001
0.15370E+002 0.0237797 0.13288E-001 0.18484E-001 0.39567E-001
0.15405E+002 0.0243417 0.13167E-001 0.19222E-001 0.40636E-001
0.15440E+002 0.02491 0.13138E-001 0.19965E-001 0.41627E-001
0.15475E+002 0.0254807 0.13199E-001 0.20696E-001 0.42547E-001
0.15510E+002 0.0260507 0.13344E-001 0.21403E-001 0.43405E-001
0.15545E+002 0.0266167 0.13564E-001 0.22079E-001 0.44207E-001
0.15580E+002 0.027174 0.13847E-001 0.22718E-001 0.44957E-001
0.15615E+002 0.0277173 0.14176E-001 0.23322E-001 0.45654E-001
0.15650E+002 0.0282423 0.14539E-001 0.23895E-001 0.46293E-001
0.15685E+002 0.028743 0.14923E-001 0.24441E-001 0.46865E-001
0.15720E+002 0.029217 0.15319E-001 0.24970E-001 0.47362E-001
0.15755E+002 0.029663 0.15725E-001 0.25488E-001 0.47776E-001
0.15790E+002 0.0300827 0.16141E-001 0.26005E-001 0.48102E-001
0.15825E+002 0.0304797 0.16573E-001 0.26526E-001 0.48340E-001
0.15860E+002 0.0308597 0.17029E-001 0.27057E-001 0.48493E-001
0.15895E+002 0.031227 0.17517E-001 0.27599E-001 0.48565E-001
0.15930E+002 0.031588 0.18047E-001 0.28150E-001 0.48567E-001
0.15965E+002 0.031946 0.18624E-001 0.28707E-001 0.48507E-001
0.16000E+002 0.0323033 0.19249E-001 0.29263E-001 0.48398E-001
0.16035E+002 0.032663 0.19922E-001 0.29813E-001 0.48254E-001
0.16070E+002 0.0330273 0.20638E-001 0.30352E-001 0.48092E-001
0.16105E+002 0.0334 0.21389E-001 0.30878E-001 0.47933E-001
0.16140E+002 0.0337873 0.22166E-001 0.31393E-001 0.47803E-001
0.16175E+002 0.0341977 0.22960E-001 0.31905E-001 0.47728E-001
0.16210E+002 0.034639 0.23762E-001 0.32421E-001 0.47734E-001
0.16245E+002 0.03512 0.24561E-001 0.32954E-001 0.47845E-001
0.16280E+002 0.0356477 0.25351E-001 0.33516E-001 0.48076E-001
0.16315E+002 0.036223 0.26121E-001 0.34115E-001 0.48433E-001
0.16350E+002 0.0368433 0.26864E-001 0.34759E-001 0.48907E-001
0.16385E+002 0.0375003 0.27572E-001 0.35448E-001 0.49481E-001
0.16420E+002 0.0381813 0.28238E-001 0.36180E-001 0.50126E-001
0.16455E+002 0.038871 0.28855E-001 0.36948E-001 0.50810E-001
0.16490E+002 0.0395537 0.29421E-001 0.37742E-001 0.51498E-001
0.16525E+002 0.0402153 0.29933E-001 0.38551E-001 0.52162E-001
0.16560E+002 0.0408457 0.30395E-001 0.39362E-001 0.52780E-001
0.16595E+002 0.041441 0.30817E-001 0.40163E-001 0.53343E-001
0.16630E+002 0.0420017 0.31210E-001 0.40946E-001 0.53849E-001
0.16665E+002 0.0425333 0.31591E-001 0.41702E-001 0.54307E-001
0.16700E+002 0.0430457 0.31980E-001 0.42426E-001 0.54731E-001
0.16735E+002 0.043549 0.32398E-001 0.43113E-001 0.55136E-001
0.16770E+002 0.0440547 0.32864E-001 0.43763E-001 0.55537E-001
0.16805E+002 0.0445717 0.33397E-001 0.44375E-001 0.55943E-001
0.16840E+002 0.0451063 0.34008E-001 0.44952E-001 0.56359E-001
0.16875E+002 0.045661 0.34705E-001 0.45496E-001 0.56782E-001
0.16910E+002 0.046234 0.35486E-001 0.46011E-001 0.57205E-001
0.16945E+002 0.0468227 0.36348E-001 0.46501E-001 0.57619E-001
0.16980E+002 0.04742 0.37280E-001 0.46968E-001 0.58012E-001
0.17015E+002 0.0480177 0.38267E-001 0.47414E-001 0.58372E-001
0.17050E+002 0.0486057 0.39294E-001 0.47837E-001 0.58686E-001
0.17085E+002 0.049177 0.40347E-001 0.48238E-001 0.58946E-001
0.17120E+002 0.0497217 0.41410E-001 0.48613E-001 0.59142E-001
0.17155E+002 0.0502307 0.42470E-001 0.48958E-001 0.59264E-001
0.17190E+002 0.0506963 0.43513E-001 0.49271E-001 0.59305E-001
0.17225E+002 0.051112 0.44529E-001 0.49551E-001 0.59256E-001
0.17260E+002 0.0514707 0.45502E-001 0.49798E-001 0.59112E-001
0.17295E+002 0.0517693 0.46419E-001 0.50016E-001 0.58873E-001
0.17330E+002 0.0520047 0.47263E-001 0.50210E-001 0.58541E-001
0.17365E+002 0.0521763 0.48016E-001 0.50385E-001 0.58128E-001
0.17400E+002 0.0522857 0.48663E-001 0.50545E-001 0.57649E-001
0.17435E+002 0.052334 0.49184E-001 0.50691E-001 0.57127E-001
0.17470E+002 0.0523253 0.49568E-001 0.50822E-001 0.56586E-001
0.17505E+002 0.0522613 0.49804E-001 0.50930E-001 0.56050E-001
0.17540E+002 0.052144 0.49889E-001 0.51003E-001 0.55540E-001
0.17575E+002 0.051975 0.49825E-001 0.51029E-001 0.55071E-001
0.17610E+002 0.0517573 0.49625E-001 0.50995E-001 0.54652E-001
0.17645E+002 0.0514967 0.49307E-001 0.50894E-001 0.54289E-001
0.17680E+002 0.0512017 0.48898E-001 0.50724E-001 0.53983E-001
0.17715E+002 0.0508863 0.48432E-001 0.50493E-001 0.53734E-001
0.17750E+002 0.0505687 0.47946E-001 0.50216E-001 0.53544E-001
0.17785E+002 0.0502727 0.47481E-001 0.49920E-001 0.53417E-001
0.17820E+002 0.050022 0.47076E-001 0.49633E-001 0.53357E-001
0.17855E+002 0.0498397 0.46767E-001 0.49386E-001 0.53366E-001
0.17890E+002 0.049744 0.46581E-001 0.49210E-001 0.53441E-001
0.17925E+002 0.049745 0.46537E-001 0.49126E-001 0.53572E-001
0.17960E+002 0.049844 0.46642E-001 0.49148E-001 0.53742E-001
0.17995E+002 0.0500323 0.46894E-001 0.49279E-001 0.53924E-001
0.18030E+002 0.0502937 0.47277E-001 0.49515E-001 0.54089E-001
0.18065E+002 0.050604 0.47768E-001 0.49839E-001 0.54205E-001
0.18100E+002 0.05094 0.48338E-001 0.50235E-001 0.54247E-001
0.18135E+002 0.0512777 0.48956E-001 0.50680E-001 0.54197E-001
0.18170E+002 0.051598 0.49590E-001 0.51154E-001 0.54050E-001
0.18205E+002 0.0518883 0.50212E-001 0.51641E-001 0.53812E-001
0.18240E+002 0.0521427 0.50801E-001 0.52128E-001 0.53499E-001
0.18275E+002 0.0523607 0.51340E-001 0.52608E-001 0.53134E-001
0.18310E+002 0.052547 0.51821E-001 0.53078E-001 0.52742E-001
0.18345E+002 0.0527073 0.52239E-001 0.53538E-001 0.52345E-001
0.18380E+002 0.0528483 0.52597E-001 0.53989E-001 0.51959E-001
0.18415E+002 0.0529737 0.52896E-001 0.54433E-001 0.51592E-001
0.18450E+002 0.0530863 0.53142E-001 0.54870E-001 0.51247E-001
0.18485E+002 0.0531843 0.53337E-001 0.55298E-001 0.50918E-001
0.18520E+002 0.0532657 0.53484E-001 0.55714E-001 0.50599E-001
0.18555E+002 0.053326 0.53583E-001 0.56111E-001 0.50284E-001
0.18590E+002 0.0533623 0.53636E-001 0.56481E-001 0.49970E-001
0.18625E+002 0.0533737 0.53642E-001 0.56816E-001 0.49663E-001
0.18660E+002 0.0533597 0.53603E-001 0.57105E-001 0.49371E-001
0.18695E+002 0.0533237 0.53520E-001 0.57341E-001 0.49110E-001
0.18730E+002 0.0532697 0.53400E-001 0.57513E-001 0.48896E-001
0.18765E+002 0.053204 0.53252E-001 0.57614E-001 0.48746E-001
0.18800E+002 0.0531327 0.53087E-001 0.57640E-001 0.48671E-001
0.18835E+002 0.0530627 0.52921E-001 0.57590E-001 0.48677E-001
0.18870E+002 0.053 0.52770E-001 0.57467E-001 0.48763E-001
0.18905E+002 0.0529493 0.52647E-001 0.57283E-001 0.48918E-001
0.18940E+002 0.0529147 0.52567E-001 0.57052E-001 0.49125E-001
0.18975E+002 0.052899 0.52538E-001 0.56794E-001 0.49365E-001
0.19010E+002 0.0529043 0.52565E-001 0.56533E-001 0.49615E-001
0.19045E+002 0.0529307 0.52647E-001 0.56293E-001 0.49852E-001
0.19080E+002 0.052978 0.52780E-001 0.56094E-001 0.50060E-001
0.19115E+002 0.0530433 0.52955E-001 0.55950E-001 0.50225E-001
0.19150E+002 0.053126 0.53165E-001 0.55871E-001 0.50342E-001
0.19185E+002 0.053224 0.53404E-001 0.55856E-001 0.50412E-001
0.19220E+002 0.0533367 0.53670E-001 0.55897E-001 0.50443E-001
0.19255E+002 0.0534633 0.53963E-001 0.55981E-001 0.50446E-001
0.19290E+002 0.053606 0.54289E-001 0.56092E-001 0.50437E-001
0.19325E+002 0.0537677 0.54657E-001 0.56214E-001 0.50432E-001
0.19360E+002 0.0539527 0.55074E-001 0.56337E-001 0.50447E-001
0.19395E+002 0.054164 0.55547E-001 0.56451E-001 0.50494E-001
0.19430E+002 0.0544063 0.56081E-001 0.56558E-001 0.50580E-001
0.19465E+002 0.0546827 0.56675E-001 0.56662E-001 0.50711E-001
0.19500E+002 0.0549923 0.57321E-001 0.56773E-001 0.50883E-001
0.19535E+002 0.0553353 0.58010E-001 0.56903E-001 0.51093E-001
0.19570E+002 0.0557063 0.58727E-001 0.57063E-001 0.51329E-001
0.19605E+002 0.056101 0.59459E-001 0.57263E-001 0.51581E-001
0.19640E+002 0.0565107 0.60192E-001 0.57506E-001 0.51834E-001
0.19675E+002 0.0569257 0.60914E-001 0.57790E-001 0.52073E-001
0.19710E+002 0.057336 0.61616E-001 0.58109E-001 0.52283E-001
0.19745E+002 0.0577307 0.62293E-001 0.58449E-001 0.52450E-001
0.19780E+002 0.058098 0.62939E-001 0.58794E-001 0.52561E-001
0.19815E+002 0.058428 0.63549E-001 0.59128E-001 0.52607E-001
0.19850E+002 0.0587117 0.64119E-001 0.59433E-001 0.52583E-001
0.19885E+002 0.058942 0.64641E-001 0.59698E-001 0.52487E-001
0.19920E+002 0.0591147 0.65108E-001 0.59912E-001 0.52324E-001
0.19955E+002 0.05923 0.65514E-001 0.60073E-001 0.52103E-001
0.19990E+002 0.059291 0.65852E-001 0.60184E-001 0.51837E-001
0.20025E+002 0.0593043 0.66120E-001 0.60253E-001 0.51540E-001
0.20060E+002 0.059281 0.66320E-001 0.60293E-001 0.51230E-001
0.20095E+002 0.059232 0.66459E-001 0.60317E-001 0.50920E-001
0.20130E+002 0.059167 0.66543E-001 0.60339E-001 0.50619E-001
0.20165E+002 0.0590957 0.66583E-001 0.60370E-001 0.50334E-001
0.20200E+002 0.059025 0.66591E-001 0.60418E-001 0.50066E-001
0.20235E+002 0.0589563 0.66572E-001 0.60485E-001 0.49812E-001
0.20270E+002 0.058891 0.66534E-001 0.60571E-001 0.49568E-001
0.20305E+002 0.0588243 0.66476E-001 0.60667E-001 0.49330E-001
0.20340E+002 0.0587523 0.66396E-001 0.60765E-001 0.49096E-001
0.20375E+002 0.0586687 0.66286E-001 0.60851E-001 0.48869E-001
0.20410E+002 0.058567 0.66135E-001 0.60912E-001 0.48654E-001
0.20445E+002 0.058441 0.65930E-001 0.60933E-001 0.48460E-001
0.20480E+002 0.058287 0.65659E-001 0.60902E-001 0.48300E-001
0.20515E+002 0.058101 0.65311E-001 0.60808E-001 0.48184E-001
0.20550E+002 0.0578807 0.64877E-001 0.60642E-001 0.48123E-001
0.20585E+002 0.0576293 0.64360E-001 0.60403E-001 0.48125E-001
0.20620E+002 0.0573503 0.63767E-001 0.60092E-001 0.48192E-001
0.20655E+002 0.0570523 0.63114E-001 0.59717E-001 0.48326E-001
0.20690E+002 0.0567457 0.62427E-001 0.59287E-001 0.48523E-001
0.20725E+002 0.0564437 0.61733E-001 0.58819E-001 0.48779E-001
0.20760E+002 0.0561603 0.61064E-001 0.58328E-001 0.49089E-001
0.20795E+002 0.0559083 0.60447E-001 0.57829E-001 0.49449E-001
0.20830E+002 0.055697 0.59904E-001 0.57335E-001 0.49852E-001
0.20865E+002 0.0555307 0.59447E-001 0.56853E-001 0.50292E-001
0.20900E+002 0.055408 0.59079E-001 0.56385E-001 0.50760E-001
0.20935E+002 0.0553213 0.58794E-001 0.55927E-001 0.51243E-001
0.20970E+002 0.055258 0.58578E-001 0.55471E-001 0.51725E-001
0.21005E+002 0.055201 0.58413E-001 0.55006E-001 0.52184E-001
0.21040E+002 0.055131 0.58277E-001 0.54521E-001 0.52595E-001
0.21075E+002 0.0550297 0.58150E-001 0.54009E-001 0.52930E-001
0.21110E+002 0.0548813 0.58015E-001 0.53464E-001 0.53165E-001
0.21145E+002 0.0546747 0.57856E-001 0.52889E-001 0.53279E-001
0.21180E+002 0.0544047 0.57663E-001 0.52293E-001 0.53258E-001
0.21215E+002 0.0540717 0.57427E-001 0.51689E-001 0.53099E-001
0.21250E+002 0.0536823 0.57146E-001 0.51093E-001 0.52808E-001
0.21285E+002 0.053248 0.56817E-001 0.50523E-001 0.52404E-001
0.21320E+002 0.0527827 0.56442E-001 0.49997E-001 0.51909E-001
0.21355E+002 0.0523017 0.56023E-001 0.49528E-001 0.51354E-001
0.21390E+002 0.0518193 0.55566E-001 0.49125E-001 0.50767E-001
0.21425E+002 0.051349 0.55077E-001 0.48792E-001 0.50178E-001
0.21460E+002 0.050899 0.54563E-001 0.48526E-001 0.49608E-001
0.21495E+002 0.0504777 0.54032E-001 0.48323E-001 0.49078E-001
0.21530E+002 0.0500867 0.53490E-001 0.48173E-001 0.48597E-001
0.21565E+002 0.049727 0.52942E-001 0.48066E-001 0.48173E-001
0.21600E+002 0.0493973 0.52392E-001 0.47991E-001 0.47809E-001
0.21635E+002 0.049095 0.51842E-001 0.47938E-001 0.47505E-001
0.21670E+002 0.0488177 0.51296E-001 0.47898E-001 0.47259E-001
0.21705E+002 0.048563 0.50756E-001 0.47864E-001 0.47069E-001
0.21740E+002 0.0483313 0.50226E-001 0.47832E-001 0.46936E-001
0.21775E+002 0.048123 0.49716E-001 0.47795E-001 0.46858E-001
0.21810E+002 0.0479417 0.49235E-001 0.47752E-001 0.46838E-001
0.21845E+002 0.047791 0.48797E-001 0.47699E-001 0.46877E-001
0.21880E+002 0.0476773 0.48418E-001 0.47635E-001 0.46979E-001
0.21915E+002 0.0476067 0.48113E-001 0.47559E-001 0.47148E-001
0.21950E+002 0.0475843 0.47895E-001 0.47472E-001 0.47386E-001
0.21985E+002 0.047614 0.47774E-001 0.47373E-001 0.47695E-001
0.22020E+002 0.047698 0.47753E-001 0.47268E-001 0.48073E-001
0.22055E+002 0.0478357 0.47833E-001 0.47160E-001 0.48514E-001
0.22090E+002 0.0480227 0.48006E-001 0.47054E-001 0.49008E-001
0.22125E+002 0.0482533 0.48262E-001 0.46959E-001 0.49539E-001
0.22160E+002 0.048518 0.48587E-001 0.46880E-001 0.50087E-001
0.22195E+002 0.0488057 0.48963E-001 0.46825E-001 0.50629E-001
0.22230E+002 0.0491047 0.49374E-001 0.46799E-001 0.51141E-001
0.22265E+002 0.049402 0.49802E-001 0.46805E-001 0.51599E-001
0.22300E+002 0.0496857 0.50229E-001 0.46844E-001 0.51984E-001
0.22335E+002 0.049944 0.50638E-001 0.46914E-001 0.52280E-001
0.22370E+002 0.0501667 0.51011E-001 0.47011E-001 0.52478E-001
0.22405E+002 0.0503443 0.51332E-001 0.47127E-001 0.52574E-001
0.22440E+002 0.0504717 0.51589E-001 0.47254E-001 0.52572E-001
0.22475E+002 0.0505443 0.51771E-001 0.47385E-001 0.52477E-001
0.22510E+002 0.050563 0.51873E-001 0.47514E-001 0.52302E-001
0.22545E+002 0.0505327 0.51896E-001 0.47643E-001 0.52059E-001
0.22580E+002 0.050461 0.51846E-001 0.47773E-001 0.51764E-001
0.22615E+002 0.0503607 0.51738E-001 0.47915E-001 0.51429E-001
0.22650E+002 0.0502463 0.51591E-001 0.48083E-001 0.51065E-001
0.22685E+002 0.0501333 0.51429E-001 0.48290E-001 0.50681E-001
0.22720E+002 0.050038 0.51277E-001 0.48552E-001 0.50285E-001
0.22755E+002 0.0499727 0.51158E-001 0.48879E-001 0.49881E-001
0.22790E+002 0.0499473 0.51094E-001 0.49275E-001 0.49473E-001
0.22825E+002 0.049968 0.51099E-001 0.49739E-001 0.49066E-001
0.22860E+002 0.0500357 0.51180E-001 0.50260E-001 0.48667E-001
0.22895E+002 0.0501457 0.51336E-001 0.50818E-001 0.48283E-001
0.22930E+002 0.0502923 0.51560E-001 0.51393E-001 0.47924E-001
0.22965E+002 0.0504653 0.51838E-001 0.51956E-001 0.47602E-001
0.23000E+002 0.0506533 0.52152E-001 0.52482E-001 0.47326E-001
0.23035E+002 0.0508447 0.52483E-001 0.52948E-001 0.47103E-001
0.23070E+002 0.0510277 0.52811E-001 0.53335E-001 0.46937E-001
0.23105E+002 0.051193 0.53123E-001 0.53632E-001 0.46824E-001
0.23140E+002 0.0513347 0.53409E-001 0.53836E-001 0.46759E-001
0.23175E+002 0.051448 0.53665E-001 0.53951E-001 0.46728E-001
0.23210E+002 0.0515337 0.53894E-001 0.53990E-001 0.46717E-001
0.23245E+002 0.051594 0.54104E-001 0.53968E-001 0.46710E-001
0.23280E+002 0.051635 0.54307E-001 0.53906E-001 0.46692E-001
0.23315E+002 0.0516627 0.54516E-001 0.53821E-001 0.46651E-001
0.23350E+002 0.051683 0.54742E-001 0.53727E-001 0.46580E-001
0.23385E+002 0.0517 0.54992E-001 0.53633E-001 0.46475E-001
0.23420E+002 0.0517153 0.55267E-001 0.53541E-001 0.46338E-001
0.23455E+002 0.051729 0.55564E-001 0.53447E-001 0.46176E-001
0.23490E+002 0.051736 0.55871E-001 0.53340E-001 0.45997E-001
0.23525E+002 0.0517317 0.56173E-001 0.53212E-001 0.45810E-001
0.23560E+002 0.05171 0.56451E-001 0.53051E-001 0.45628E-001
0.23595E+002 0.0516667 0.56685E-001 0.52855E-001 0.45460E-001
0.23630E+002 0.051599 0.56858E-001 0.52624E-001 0.45315E-001
0.23665E+002 0.0515077 0.56956E-001 0.52366E-001 0.45201E-001
0.23700E+002 0.0513967 0.56970E-001 0.52095E-001 0.45125E-001
0.23735E+002 0.051271 0.56897E-001 0.51826E-001 0.45090E-001
0.23770E+002 0.0511387 0.56739E-001 0.51577E-001 0.45100E-001
0.23805E+002 0.0510063 0.56503E-001 0.51362E-001 0.45154E-001
0.23840E+002 0.0508803 0.56198E-001 0.51192E-001 0.45251E-001
0.23875E+002 0.050765 0.55836E-001 0.51073E-001 0.45386E-001
0.23910E+002 0.0506613 0.55430E-001 0.51004E-001 0.45550E-001
0.23945E+002 0.05057 0.54993E-001 0.50981E-001 0.45736E-001
0.23980E+002 0.0504893 0.54538E-001 0.50999E-001 0.45931E-001
0.24015E+002 0.0504157 0.54076E-001 0.51048E-001 0.46123E-001
0.24050E+002 0.050347 0.53617E-001 0.51122E-001 0.46302E-001
0.24085E+002 0.050281 0.53172E-001 0.51214E-001 0.46457E-001
0.24120E+002 0.050216 0.52746E-001 0.51320E-001 0.46582E-001
0.24155E+002 0.0501527 0.52347E-001 0.51438E-001 0.46673E-001
0.24190E+002 0.0500927 0.51979E-001 0.51567E-001 0.46732E-001
0.24225E+002 0.0500387 0.51646E-001 0.51707E-001 0.46763E-001
0.24260E+002 0.0499957 0.51352E-001 0.51860E-001 0.46775E-001
0.24295E+002 0.0499697 0.51101E-001 0.52027E-001 0.46781E-001
0.24330E+002 0.049966 0.50900E-001 0.52205E-001 0.46793E-001
0.24365E+002 0.049991 0.50755E-001 0.52394E-001 0.46824E-001
0.24400E+002 0.050049 0.50676E-001 0.52586E-001 0.46885E-001
0.24435E+002 0.050143 0.50670E-001 0.52776E-001 0.46983E-001
0.24470E+002 0.050273 0.50744E-001 0.52953E-001 0.47122E-001
0.24505E+002 0.050435 0.50900E-001 0.53105E-001 0.47300E-001
0.24540E+002 0.0506223 0.51137E-001 0.53219E-001 0.47511E-001
0.24575E+002 0.0508233 0.51447E-001 0.53282E-001 0.47741E-001
0.24610E+002 0.051025 0.51816E-001 0.53282E-001 0.47977E-001
0.24645E+002 0.0512123 0.52226E-001 0.53210E-001 0.48201E-001
0.24680E+002 0.0513697 0.52655E-001 0.53059E-001 0.48395E-001
0.24715E+002 0.0514817 0.53077E-001 0.52827E-001 0.48541E-001
0.24750E+002 0.0515367 0.53468E-001 0.52516E-001 0.48626E-001
0.24785E+002 0.0515247 0.53804E-001 0.52130E-001 0.48640E-001
0.24820E+002 0.0514387 0.54064E-001 0.51676E-001 0.48576E-001
0.24855E+002 0.0512757 0.54228E-001 0.51164E-001 0.48435E-001
0.24890E+002 0.051036 0.54283E-001 0.50604E-001 0.48221E-001
0.24925E+002 0.0507223 0.54218E-001 0.50006E-001 0.47943E-001
0.24960E+002 0.0503397 0.54027E-001 0.49379E-001 0.47613E-001
0.24995E+002 0.0498963 0.53711E-001 0.48733E-001 0.47245E-001
0.25030E+002 0.0494 0.53272E-001 0.48076E-001 0.46852E-001
0.25065E+002 0.0488627 0.52721E-001 0.47418E-001 0.46449E-001
0.25100E+002 0.0482967 0.52074E-001 0.46769E-001 0.46047E-001
0.25135E+002 0.0477157 0.51349E-001 0.46142E-001 0.45656E-001
0.25170E+002 0.047135 0.50573E-001 0.45549E-001 0.45283E-001
0.25205E+002 0.046568 0.49770E-001 0.45004E-001 0.44930E-001
0.25240E+002 0.0460287 0.48968E-001 0.44518E-001 0.44600E-001
0.25275E+002 0.045528 0.48193E-001 0.44100E-001 0.44291E-001
0.25310E+002 0.045074 0.47468E-001 0.43753E-001 0.44001E-001
0.25345E+002 0.0446717 0.46811E-001 0.43476E-001 0.43728E-001
0.25380E+002 0.0443193 0.46235E-001 0.43257E-001 0.43466E-001
0.25415E+002 0.044014 0.45747E-001 0.43081E-001 0.43214E-001
0.25450E+002 0.0437467 0.45346E-001 0.42927E-001 0.42967E-001
0.25485E+002 0.0435073 0.45028E-001 0.42771E-001 0.42723E-001
0.25520E+002 0.0432843 0.44782E-001 0.42592E-001 0.42479E-001
0.25555E+002 0.0430677 0.44595E-001 0.42372E-001 0.42236E-001
0.25590E+002 0.042847 0.44450E-001 0.42100E-001 0.41991E-001
0.25625E+002 0.0426173 0.44333E-001 0.41773E-001 0.41746E-001
0.25660E+002 0.0423753 0.44228E-001 0.41396E-001 0.41502E-001
0.25695E+002 0.042122 0.44123E-001 0.40982E-001 0.41261E-001
0.25730E+002 0.0418613 0.44010E-001 0.40546E-001 0.41028E-001
0.25765E+002 0.0415993 0.43883E-001 0.40108E-001 0.40807E-001
0.25800E+002 0.0413433 0.43741E-001 0.39687E-001 0.40602E-001
0.25835E+002 0.0411003 0.43584E-001 0.39297E-001 0.40420E-001
0.25870E+002 0.040875 0.43413E-001 0.38949E-001 0.40263E-001
0.25905E+002 0.040671 0.43231E-001 0.38649E-001 0.40133E-001
0.25940E+002 0.0404893 0.43041E-001 0.38398E-001 0.40029E-001
0.25975E+002 0.0403277 0.42847E-001 0.38193E-001 0.39943E-001
0.26010E+002 0.0401817 0.42651E-001 0.38029E-001 0.39865E-001
0.26045E+002 0.040048 0.42459E-001 0.37902E-001 0.39783E-001
0.26080E+002 0.0399213 0.42275E-001 0.37808E-001 0.39681E-001
0.26115E+002 0.039797 0.42106E-001 0.37742E-001 0.39543E-001
0.26150E+002 0.0396723 0.41957E-001 0.37702E-001 0.39358E-001
0.26185E+002 0.0395467 0.41834E-001 0.37688E-001 0.39118E-001
0.26220E+002 0.039419 0.41738E-001 0.37696E-001 0.38823E-001
0.26255E+002 0.0392933 0.41671E-001 0.37727E-001 0.38482E-001
0.26290E+002 0.0391707 0.41627E-001 0.37776E-001 0.38109E-001
0.26325E+002 0.0390543 0.41597E-001 0.37840E-001 0.37726E-001
0.26360E+002 0.0389473 0.41570E-001 0.37914E-001 0.37358E-001
0.26395E+002 0.0388517 0.41530E-001 0.37993E-001 0.37032E-001
0.26430E+002 0.038768 0.41458E-001 0.38072E-001 0.36774E-001
0.26465E+002 0.0386973 0.41340E-001 0.38147E-001 0.36605E-001
0.26500E+002 0.038637 0.41161E-001 0.38212E-001 0.36538E-001
0.26535E+002 0.0385863 0.40914E-001 0.38265E-001 0.36580E-001
0.26570E+002 0.038541 0.40597E-001 0.38301E-001 0.36725E-001
0.26605E+002 0.0384973 0.40215E-001 0.38318E-001 0.36959E-001
0.26640E+002 0.0384517 0.39782E-001 0.38313E-001 0.37260E-001
0.26675E+002 0.0383997 0.39317E-001 0.38284E-001 0.37598E-001
0.26710E+002 0.038336 0.38842E-001 0.38227E-001 0.37939E-001
0.26745E+002 0.038257 0.38382E-001 0.38139E-001 0.38250E-001
0.26780E+002 0.0381597 0.37958E-001 0.38020E-001 0.38501E-001
0.26815E+002 0.0380397 0.37588E-001 0.37865E-001 0.38666E-001
0.26850E+002 0.037895 0.37281E-001 0.37675E-001 0.38729E-001
0.26885E+002 0.0377243 0.37041E-001 0.37449E-001 0.38683E-001
0.26920E+002 0.0375273 0.36862E-001 0.37189E-001 0.38531E-001
0.26955E+002 0.0373063 0.36736E-001 0.36899E-001 0.38284E-001
0.26990E+002 0.0370643 0.36648E-001 0.36584E-001 0.37961E-001
0.27025E+002 0.0368073 0.36584E-001 0.36253E-001 0.37585E-001
0.27060E+002 0.0365423 0.36533E-001 0.35914E-001 0.37180E-001
0.27095E+002 0.0362777 0.36484E-001 0.35580E-001 0.36769E-001
0.27130E+002 0.036023 0.36433E-001 0.35263E-001 0.36373E-001
0.27165E+002 0.035785 0.36376E-001 0.34975E-001 0.36004E-001
0.27200E+002 0.0355707 0.36314E-001 0.34725E-001 0.35673E-001
0.27235E+002 0.0353827 0.36246E-001 0.34521E-001 0.35381E-001
0.27270E+002 0.035222 0.36173E-001 0.34367E-001 0.35126E-001
0.27305E+002 0.035085 0.36092E-001 0.34262E-001 0.34901E-001
0.27340E+002 0.0349657 0.35999E-001 0.34200E-001 0.34698E-001
0.27375E+002 0.034858 0.35889E-001 0.34175E-001 0.34510E-001
0.27410E+002 0.0347543 0.35758E-001 0.34175E-001 0.34330E-001
0.27445E+002 0.0346503 0.35603E-001 0.34191E-001 0.34157E-001
0.27480E+002 0.0345413 0.35425E-001 0.34210E-001 0.33989E-001
0.27515E+002 0.0344293 0.35229E-001 0.34226E-001 0.33833E-001
0.27550E+002 0.034317 0.35025E-001 0.34232E-001 0.33694E-001
0.27585E+002 0.0342107 0.34825E-001 0.34227E-001 0.33580E-001
0.27620E+002 0.0341177 0.34642E-001 0.34212E-001 0.33499E-001
0.27655E+002 0.0340453 0.34489E-001 0.34190E-001 0.33457E-001
0.27690E+002 0.0339987 0.34376E-001 0.34166E-001 0.33454E-001
0.27725E+002 0.033981 0.34307E-001 0.34146E-001 0.33490E-001
0.27760E+002 0.0339913 0.34280E-001 0.34134E-001 0.33560E-001
0.27795E+002 0.034026 0.34287E-001 0.34135E-001 0.33656E-001
0.27830E+002 0.034078 0.34317E-001 0.34148E-001 0.33769E-001
0.27865E+002 0.034139 0.34352E-001 0.34175E-001 0.33890E-001
0.27900E+002 0.0342013 0.34378E-001 0.34212E-001 0.34014E-001
0.27935E+002 0.0342577 0.34379E-001 0.34256E-001 0.34138E-001
0.27970E+002 0.0343047 0.34347E-001 0.34304E-001 0.34263E-001
0.28005E+002 0.034339 0.34275E-001 0.34350E-001 0.34392E-001
0.28040E+002 0.034363 0.34164E-001 0.34393E-001 0.34532E-001
0.28075E+002 0.034381 0.34021E-001 0.34431E-001 0.34691E-001
0.28110E+002 0.034397 0.33854E-001 0.34464E-001 0.34873E-001
0.28145E+002 0.0344167 0.33674E-001 0.34493E-001 0.35083E-001
0.28180E+002 0.0344427 0.33493E-001 0.34519E-001 0.35316E-001
0.28215E+002 0.0344767 0.33319E-001 0.34543E-001 0.35568E-001
0.28250E+002 0.0345153 0.33158E-001 0.34564E-001 0.35824E-001
0.28285E+002 0.0345547 0.33014E-001 0.34579E-001 0.36071E-001
0.28320E+002 0.0345877 0.32888E-001 0.34586E-001 0.36289E-001
0.28355E+002 0.0346057 0.32778E-001 0.34578E-001 0.36461E-001
0.28390E+002 0.0346023 0.32686E-001 0.34549E-001 0.36572E-001
0.28425E+002 0.034572 0.32611E-001 0.34496E-001 0.36609E-001
0.28460E+002 0.0345107 0.32555E-001 0.34412E-001 0.36565E-001
0.28495E+002 0.0344203 0.32524E-001 0.34297E-001 0.36440E-001
0.28530E+002 0.0343027 0.32520E-001 0.34150E-001 0.36238E-001
0.28565E+002 0.0341627 0.32549E-001 0.33973E-001 0.35966E-001
0.28600E+002 0.0340063 0.32612E-001 0.33770E-001 0.35637E-001
0.28635E+002 0.0338393 0.32710E-001 0.33544E-001 0.35264E-001
0.28670E+002 0.0336687 0.32838E-001 0.33303E-001 0.34865E-001
0.28705E+002 0.033498 0.32990E-001 0.33051E-001 0.34453E-001
0.28740E+002 0.03333 0.33154E-001 0.32794E-001 0.34042E-001
0.28775E+002 0.0331667 0.33317E-001 0.32537E-001 0.33646E-001
0.28810E+002 0.0330087 0.33467E-001 0.32285E-001 0.33274E-001
0.28845E+002 0.032855 0.33591E-001 0.32042E-001 0.32932E-001
0.28880E+002 0.032706 0.33678E-001 0.31813E-001 0.32627E-001
0.28915E+002 0.032561 0.33722E-001 0.31602E-001 0.32359E-001
0.28950E+002 0.0324203 0.33720E-001 0.31413E-001 0.32128E-001
0.28985E+002 0.0322843 0.33673E-001 0.31248E-001 0.31932E-001
0.29020E+002 0.0321533 0.33583E-001 0.31110E-001 0.31767E-001
0.29055E+002 0.0320277 0.33455E-001 0.31000E-001 0.31628E-001
0.29090E+002 0.031907 0.33293E-001 0.30918E-001 0.31510E-001
0.29125E+002 0.031792 0.33103E-001 0.30864E-001 0.31409E-001
0.29160E+002 0.0316827 0.32888E-001 0.30841E-001 0.31319E-001
0.29195E+002 0.031578 0.32649E-001 0.30848E-001 0.31237E-001
0.29230E+002 0.0314787 0.32389E-001 0.30888E-001 0.31159E-001
0.29265E+002 0.0313847 0.32111E-001 0.30962E-001 0.31081E-001
0.29300E+002 0.0312973 0.31817E-001 0.31072E-001 0.31003E-001
0.29335E+002 0.0312183 0.31515E-001 0.31217E-001 0.30923E-001
0.29370E+002 0.03115 0.31212E-001 0.31397E-001 0.30841E-001
0.29405E+002 0.0310943 0.30919E-001 0.31605E-001 0.30759E-001
0.29440E+002 0.0310537 0.30649E-001 0.31832E-001 0.30680E-001
0.29475E+002 0.0310283 0.30413E-001 0.32065E-001 0.30607E-001
0.29510E+002 0.031018 0.30222E-001 0.32288E-001 0.30544E-001
0.29545E+002 0.031021 0.30084E-001 0.32484E-001 0.30495E-001
0.29580E+002 0.0310337 0.30001E-001 0.32636E-001 0.30464E-001
0.29615E+002 0.0310523 0.29973E-001 0.32728E-001 0.30456E-001
0.29650E+002 0.031072 0.29993E-001 0.32751E-001 0.30472E-001
0.29685E+002 0.0310883 0.30052E-001 0.32700E-001 0.30513E-001
0.29720E+002 0.031098 0.30137E-001 0.32578E-001 0.30579E-001
0.29755E+002 0.031098 0.30233E-001 0.32394E-001 0.30667E-001
0.29790E+002 0.0310877 0.30327E-001 0.32164E-001 0.30772E-001
0.29825E+002 0.0310673 0.30406E-001 0.31908E-001 0.30888E-001
0.29860E+002 0.0310393 0.30462E-001 0.31650E-001 0.31006E-001
0.29895E+002 0.0310063 0.30489E-001 0.31410E-001 0.31120E-001
0.29930E+002 0.0309717 0.30485E-001 0.31209E-001 0.31221E-001
0.29965E+002 0.030939 0.30455E-001 0.31058E-001 0.31304E-001
