# Applied a delta shift of     -2.09127 eV
 -0.50000E+001  0.96776E-138  0.48648E-140  0.16384E-138  0.27346E-137
 -0.49650E+001  0.75283E-136  0.38651E-138  0.12750E-136  0.21271E-135
 -0.49300E+001  0.56800E-134  0.29782E-136  0.96233E-135  0.16048E-133
 -0.48950E+001  0.41564E-132  0.22256E-134  0.70447E-133  0.11743E-131
 -0.48600E+001  0.29499E-130  0.16131E-132  0.50018E-131  0.83335E-130
 -0.48250E+001  0.20306E-128  0.11339E-130  0.34444E-129  0.57361E-128
 -0.47900E+001  0.13557E-126  0.77303E-129  0.23005E-127  0.38294E-126
 -0.47550E+001  0.87788E-125  0.51112E-127  0.14902E-125  0.24795E-124
 -0.47200E+001  0.55134E-123  0.32776E-125  0.93630E-124  0.15571E-122
 -0.46850E+001  0.33584E-121  0.20384E-123  0.57056E-122  0.94843E-121
 -0.46500E+001  0.19841E-119  0.12295E-121  0.33722E-120  0.56029E-119
 -0.46150E+001  0.11369E-117  0.71928E-120  0.19331E-118  0.32103E-117
 -0.45800E+001  0.63187E-116  0.40810E-118  0.10748E-116  0.17841E-115
 -0.45450E+001  0.34060E-114  0.22456E-116  0.57958E-115  0.96160E-114
 -0.45100E+001  0.17807E-112  0.11984E-114  0.30314E-113  0.50270E-112
 -0.44750E+001  0.90296E-111  0.62030E-113  0.15378E-111  0.25489E-110
 -0.44400E+001  0.44409E-109  0.31139E-111  0.75661E-110  0.12535E-108
 -0.44050E+001  0.21184E-107  0.15160E-109  0.36107E-108  0.59790E-107
 -0.43700E+001  0.98011E-106  0.71585E-108  0.16712E-106  0.27660E-105
 -0.43350E+001  0.43982E-104  0.32783E-106  0.75024E-105  0.12411E-103
 -0.43000E+001  0.19143E-102  0.14561E-104  0.32667E-103  0.54016E-102
 -0.42650E+001  0.80810E-101  0.62724E-103  0.13796E-101  0.22801E-100
 -0.42300E+001  0.33087E-099  0.26206E-101  0.56509E-100  0.93349E-099
 -0.41950E+001  0.13140E-097  0.10619E-099  0.22450E-098  0.37069E-097
 -0.41600E+001  0.50613E-096  0.41730E-098  0.86510E-097  0.14277E-095
 -0.41250E+001  0.18909E-094  0.15906E-096  0.32332E-095  0.53335E-094
 -0.40900E+001  0.68519E-093  0.58797E-095  0.11721E-093  0.19325E-092
 -0.40550E+001  0.24082E-091  0.21080E-093  0.41209E-092  0.67914E-091
 -0.40200E+001  0.82094E-090  0.73302E-092  0.14053E-090  0.23149E-089
 -0.39850E+001  0.27144E-088  0.24721E-090  0.46484E-089  0.76536E-088
 -0.39500E+001  0.87051E-087  0.80860E-089  0.14913E-087  0.24543E-086
 -0.39150E+001  0.27078E-085  0.25652E-087  0.46404E-086  0.76337E-085
 -0.38800E+001  0.81696E-084  0.78925E-086  0.14005E-084  0.23029E-083
 -0.38450E+001  0.23907E-082  0.23552E-084  0.40999E-083  0.67387E-082
 -0.38100E+001  0.67859E-081  0.68165E-083  0.11641E-081  0.19126E-080
 -0.37750E+001  0.18682E-079  0.19134E-081  0.32060E-080  0.52650E-079
 -0.37400E+001  0.49889E-078  0.52093E-080  0.85637E-079  0.14058E-077
 -0.37050E+001  0.12922E-076  0.13755E-078  0.22188E-077  0.36409E-076
 -0.36700E+001  0.32463E-075  0.35227E-077  0.55758E-076  0.91462E-075
 -0.36350E+001  0.79107E-074  0.87500E-076  0.13591E-074  0.22286E-073
 -0.36000E+001  0.18698E-072  0.21079E-074  0.32131E-073  0.52669E-072
 -0.35650E+001  0.42866E-071  0.49253E-073  0.73681E-072  0.12074E-070
 -0.35300E+001  0.95323E-070  0.11162E-071  0.16388E-070  0.26847E-069
 -0.34950E+001  0.20561E-068  0.24533E-070  0.35356E-069  0.57901E-068
 -0.34600E+001  0.43016E-067  0.52299E-069  0.73983E-068  0.12113E-066
 -0.34250E+001  0.87295E-066  0.10814E-067  0.15016E-066  0.24579E-065
 -0.33900E+001  0.17183E-064  0.21685E-066  0.29562E-065  0.48377E-064
 -0.33550E+001  0.32808E-063  0.42179E-065  0.56450E-064  0.92359E-063
 -0.33200E+001  0.60761E-062  0.79569E-064  0.10455E-062  0.17103E-061
 -0.32850E+001  0.10915E-060  0.14559E-062  0.18783E-061  0.30722E-060
 -0.32500E+001  0.19020E-059  0.25837E-061  0.32731E-060  0.53528E-059
 -0.32150E+001  0.32148E-058  0.44473E-060  0.55323E-059  0.90467E-058
 -0.31800E+001  0.52707E-057  0.74246E-059  0.90700E-058  0.14831E-056
 -0.31450E+001  0.83820E-056  0.12022E-057  0.14423E-056  0.23584E-055
 -0.31100E+001  0.12930E-054  0.18882E-056  0.22247E-055  0.36377E-054
 -0.30750E+001  0.19348E-053  0.28763E-055  0.33285E-054  0.54428E-053
 -0.30400E+001  0.28083E-052  0.42497E-054  0.48305E-053  0.78995E-052
 -0.30050E+001  0.39540E-051  0.60900E-053  0.67996E-052  0.11121E-050
 -0.29700E+001  0.54002E-050  0.84649E-052  0.92842E-051  0.15187E-049
 -0.29350E+001  0.71542E-049  0.11412E-050  0.12296E-049  0.20119E-048
 -0.29000E+001  0.91939E-048  0.14923E-049  0.15796E-048  0.25853E-047
 -0.28650E+001  0.11461E-046  0.18928E-048  0.19684E-047  0.32225E-046
 -0.28300E+001  0.13859E-045  0.23285E-047  0.23792E-046  0.38965E-045
 -0.27950E+001  0.16257E-044  0.27785E-046  0.27894E-045  0.45704E-044
 -0.27600E+001  0.18499E-043  0.32159E-045  0.31723E-044  0.52002E-043
 -0.27250E+001  0.20419E-042  0.36102E-044  0.34995E-043  0.57396E-042
 -0.26900E+001  0.21864E-041  0.39311E-043  0.37446E-042  0.61453E-041
 -0.26550E+001  0.22710E-040  0.41520E-042  0.38866E-041  0.63827E-040
 -0.26200E+001  0.22883E-039  0.42536E-041  0.39131E-040  0.64309E-039
 -0.25850E+001  0.22367E-038  0.42268E-040  0.38216E-039  0.62856E-038
 -0.25500E+001  0.21209E-037  0.40741E-039  0.36203E-038  0.59598E-037
 -0.25150E+001  0.19509E-036  0.38091E-038  0.33268E-037  0.54818E-036
 -0.24800E+001  0.17408E-035  0.34543E-037  0.29654E-036  0.48914E-035
 -0.24450E+001  0.15070E-034  0.30386E-036  0.25640E-035  0.42341E-034
 -0.24100E+001  0.12655E-033  0.25928E-035  0.21505E-034  0.35556E-033
 -0.23750E+001  0.10310E-032  0.21460E-034  0.17497E-033  0.28965E-032
 -0.23400E+001  0.81482E-032  0.17229E-033  0.13809E-032  0.22891E-031
 -0.23050E+001  0.62474E-031  0.13417E-032  0.10572E-031  0.17551E-030
 -0.22700E+001  0.46469E-030  0.10136E-031  0.78508E-031  0.13054E-029
 -0.22350E+001  0.33533E-029  0.74271E-031  0.56556E-030  0.94200E-029
 -0.22000E+001  0.23475E-028  0.52793E-030  0.39522E-029  0.65945E-028
 -0.21650E+001  0.15944E-027  0.36401E-029  0.26792E-028  0.44787E-027
 -0.21300E+001  0.10505E-026  0.24347E-028  0.17618E-027  0.29511E-026
 -0.20950E+001  0.67155E-026  0.15797E-027  0.11239E-026  0.18865E-025
 -0.20600E+001  0.41649E-025  0.99426E-027  0.69547E-026  0.11700E-024
 -0.20250E+001  0.25060E-024  0.60705E-026  0.41749E-025  0.70398E-024
 -0.19900E+001  0.14629E-023  0.35955E-025  0.24312E-024  0.41097E-023
 -0.19550E+001  0.82855E-023  0.20658E-024  0.13735E-023  0.23277E-022
 -0.19200E+001  0.45529E-022  0.11514E-023  0.75270E-023  0.12791E-021
 -0.18850E+001  0.24274E-021  0.62258E-023  0.40017E-022  0.68196E-021
 -0.18500E+001  0.12556E-020  0.32657E-022  0.20640E-021  0.35278E-020
 -0.18150E+001  0.63017E-020  0.16618E-021  0.10327E-020  0.17706E-019
 -0.17800E+001  0.30687E-019  0.82037E-021  0.50129E-020  0.86228E-019
 -0.17450E+001  0.14499E-018  0.39289E-020  0.23607E-019  0.40744E-018
 -0.17100E+001  0.66470E-018  0.18255E-019  0.10785E-018  0.18680E-017
 -0.16750E+001  0.29568E-017  0.82284E-019  0.47804E-018  0.83101E-017
 -0.16400E+001  0.12762E-016  0.35984E-018  0.20557E-017  0.35871E-016
 -0.16050E+001  0.53451E-016  0.15267E-017  0.85766E-017  0.15025E-015
 -0.15700E+001  0.21723E-015  0.62844E-017  0.34717E-016  0.61068E-015
 -0.15350E+001  0.85666E-015  0.25098E-016  0.13635E-015  0.24085E-014
 -0.15000E+001  0.32783E-014  0.97251E-016  0.51960E-015  0.92180E-014
 -0.14650E+001  0.12174E-013  0.36562E-015  0.19212E-014  0.34236E-013
 -0.14300E+001  0.43873E-013  0.13337E-014  0.68932E-014  0.12339E-012
 -0.13950E+001  0.15344E-012  0.47205E-014  0.23999E-013  0.43160E-012
 -0.13600E+001  0.52079E-012  0.16212E-013  0.81081E-013  0.14651E-011
 -0.13250E+001  0.17155E-011  0.54026E-013  0.26584E-012  0.48266E-011
 -0.12900E+001  0.54844E-011  0.17471E-012  0.84592E-012  0.15433E-010
 -0.12550E+001  0.17018E-010  0.54823E-012  0.26126E-011  0.47893E-010
 -0.12200E+001  0.51254E-010  0.16695E-011  0.78321E-011  0.14426E-009
 -0.11850E+001  0.14984E-009  0.49338E-011  0.22792E-010  0.42178E-009
 -0.11500E+001  0.42520E-009  0.14151E-010  0.64395E-010  0.11971E-008
 -0.11150E+001  0.11713E-008  0.39391E-010  0.17666E-009  0.32980E-008
 -0.10800E+001  0.31326E-008  0.10643E-009  0.47062E-009  0.88209E-008
 -0.10450E+001  0.81338E-008  0.27912E-009  0.12177E-008  0.22905E-007
 -0.10100E+001  0.20506E-007  0.71059E-009  0.30611E-008  0.57745E-007
 -0.97500E+000  0.50196E-007  0.17562E-008  0.74771E-008  0.14136E-006
 -0.94000E+000  0.11933E-006  0.42142E-008  0.17752E-007  0.33601E-006
 -0.90500E+000  0.27548E-006  0.98188E-008  0.40977E-007  0.77565E-006
 -0.87000E+000  0.61773E-006  0.22216E-007  0.91999E-007  0.17390E-005
 -0.83500E+000  0.13455E-005  0.48819E-007  0.20099E-006  0.37868E-005
 -0.80000E+000  0.28473E-005  0.10421E-006  0.42746E-006  0.80102E-005
 -0.76500E+000  0.58543E-005  0.21613E-006  0.88554E-006  0.16461E-004
 -0.73000E+000  0.11697E-004  0.43558E-006  0.17880E-005  0.32868E-004
 -0.69500E+000  0.22716E-004  0.85335E-006  0.35211E-005  0.63774E-004
 -0.66000E+000  0.42885E-004  0.16256E-005  0.67681E-005  0.12026E-003
 -0.62500E+000  0.78720E-004  0.30125E-005  0.12708E-004  0.22044E-003
 -0.59000E+000  0.14053E-003  0.54334E-005  0.23326E-004  0.39282E-003
 -0.55500E+000  0.24404E-003  0.95442E-005  0.41894E-004  0.68067E-003
 -0.52000E+000  0.41237E-003  0.16341E-004  0.73681E-004  0.11471E-002
 -0.48500E+000  0.67823E-003  0.27297E-004  0.12700E-003  0.18804E-002
 -0.45000E+000  0.10862E-002  0.44547E-004  0.21465E-003  0.29993E-002
 -0.41500E+000  0.16944E-002  0.71133E-004  0.35601E-003  0.46562E-002
 -0.38000E+000  0.25760E-002  0.11135E-003  0.57959E-003  0.70370E-002
 -0.34500E+000  0.38185E-002  0.17128E-003  0.92651E-003  0.10358E-001
 -0.31000E+000  0.55223E-002  0.25956E-003  0.14544E-002  0.14853E-001
 -0.27500E+000  0.77971E-002  0.38862E-003  0.22417E-002  0.20761E-001
 -0.24000E+000  0.10757E-001  0.57660E-003  0.33921E-002  0.28301E-001
 -0.20500E+000  0.14513E-001  0.85009E-003  0.50377E-002  0.37651E-001
 -0.17000E+000  0.19170E-001  0.12481E-002  0.73401E-002  0.48921E-001
 -0.13500E+000  0.24818E-001  0.18272E-002  0.10488E-001  0.62140E-001
 -0.10000E+000  0.31536E-001  0.26681E-002  0.14693E-001  0.77246E-001
 -0.65000E-001  0.39384E-001  0.38826E-002  0.20171E-001  0.94099E-001
 -0.30000E-001  0.48416E-001  0.56209E-002  0.27133E-001  0.11249E+000
  0.50000E-002  0.58676E-001  0.80762E-002  0.35752E-001  0.13220E+000
  0.40000E-001  0.70206E-001  0.11486E-001  0.46149E-001  0.15298E+000
  0.75000E-001  0.83044E-001  0.16127E-001  0.58358E-001  0.17465E+000
  0.11000E+000  0.97209E-001  0.22302E-001  0.72316E-001  0.19701E+000
  0.14500E+000  0.11269E+000  0.30312E-001  0.87853E-001  0.21992E+000
  0.18000E+000  0.12943E+000  0.40427E-001  0.10470E+000  0.24318E+000
  0.21500E+000  0.14729E+000  0.52840E-001  0.12252E+000  0.26650E+000
  0.25000E+000  0.16600E+000  0.67626E-001  0.14093E+000  0.28946E+000
  0.28500E+000  0.18523E+000  0.84703E-001  0.15955E+000  0.31143E+000
  0.32000E+000  0.20450E+000  0.10381E+000  0.17807E+000  0.33162E+000
  0.35500E+000  0.22328E+000  0.12448E+000  0.19623E+000  0.34911E+000
  0.39000E+000  0.24099E+000  0.14613E+000  0.21390E+000  0.36294E+000
  0.42500E+000  0.25709E+000  0.16803E+000  0.23097E+000  0.37228E+000
  0.46000E+000  0.27113E+000  0.18945E+000  0.24741E+000  0.37653E+000
  0.49500E+000  0.28278E+000  0.20974E+000  0.26312E+000  0.37549E+000
  0.53000E+000  0.29188E+000  0.22838E+000  0.27794E+000  0.36933E+000
  0.56500E+000  0.29844E+000  0.24509E+000  0.29154E+000  0.35870E+000
  0.60000E+000  0.30262E+000  0.25984E+000  0.30348E+000  0.34453E+000
  0.63500E+000  0.30468E+000  0.27285E+000  0.31318E+000  0.32800E+000
  0.67000E+000  0.30496E+000  0.28447E+000  0.32005E+000  0.31035E+000
  0.70500E+000  0.30381E+000  0.29516E+000  0.32355E+000  0.29273E+000
  0.74000E+000  0.30158E+000  0.30529E+000  0.32337E+000  0.27607E+000
  0.77500E+000  0.29856E+000  0.31510E+000  0.31950E+000  0.26107E+000
  0.81000E+000  0.29501E+000  0.32460E+000  0.31232E+000  0.24810E+000
  0.84500E+000  0.29116E+000  0.33355E+000  0.30263E+000  0.23731E+000
  0.88000E+000  0.28722E+000  0.34149E+000  0.29155E+000  0.22862E+000
  0.91500E+000  0.28340E+000  0.34785E+000  0.28050E+000  0.22185E+000
  0.95000E+000  0.27993E+000  0.35205E+000  0.27099E+000  0.21676E+000
  0.98500E+000  0.27706E+000  0.35363E+000  0.26442E+000  0.21314E+000
  0.10200E+001  0.27507E+000  0.35235E+000  0.26200E+000  0.21086E+000
  0.10550E+001  0.27422E+000  0.34827E+000  0.26449E+000  0.20991E+000
  0.10900E+001  0.27477E+000  0.34177E+000  0.27216E+000  0.21039E+000
  0.11250E+001  0.27690E+000  0.33349E+000  0.28471E+000  0.21252E+000
  0.11600E+001  0.28070E+000  0.32429E+000  0.30129E+000  0.21651E+000
  0.11950E+001  0.28610E+000  0.31513E+000  0.32058E+000  0.22258E+000
  0.12300E+001  0.29290E+000  0.30698E+000  0.34092E+000  0.23080E+000
  0.12650E+001  0.30074E+000  0.30068E+000  0.36050E+000  0.24105E+000
  0.13000E+001  0.30911E+000  0.29691E+000  0.37750E+000  0.25292E+000
  0.13350E+001  0.31740E+000  0.29608E+000  0.39037E+000  0.26574E+000
  0.13700E+001  0.32494E+000  0.29831E+000  0.39791E+000  0.27861E+000
  0.14050E+001  0.33110E+000  0.30343E+000  0.39942E+000  0.29043E+000
  0.14400E+001  0.33528E+000  0.31099E+000  0.39473E+000  0.30012E+000
  0.14750E+001  0.33703E+000  0.32027E+000  0.38415E+000  0.30668E+000
  0.15100E+001  0.33606E+000  0.33033E+000  0.36847E+000  0.30937E+000
  0.15450E+001  0.33223E+000  0.34013E+000  0.34875E+000  0.30781E+000
  0.15800E+001  0.32559E+000  0.34855E+000  0.32621E+000  0.30202E+000
  0.16150E+001  0.31636E+000  0.35454E+000  0.30214E+000  0.29241E+000
  0.16500E+001  0.30486E+000  0.35720E+000  0.27768E+000  0.27970E+000
  0.16850E+001  0.29153E+000  0.35591E+000  0.25384E+000  0.26484E+000
  0.17200E+001  0.27685E+000  0.35033E+000  0.23137E+000  0.24885E+000
  0.17550E+001  0.26135E+000  0.34053E+000  0.21079E+000  0.23273E+000
  0.17900E+001  0.24555E+000  0.32693E+000  0.19240E+000  0.21731E+000
  0.18250E+001  0.22992E+000  0.31025E+000  0.17630E+000  0.20321E+000
  0.18600E+001  0.21490E+000  0.29144E+000  0.16247E+000  0.19080E+000
  0.18950E+001  0.20084E+000  0.27155E+000  0.15077E+000  0.18021E+000
  0.19300E+001  0.18800E+000  0.25159E+000  0.14103E+000  0.17137E+000
  0.19650E+001  0.17651E+000  0.23248E+000  0.13304E+000  0.16403E+000
  0.20000E+001  0.16644E+000  0.21489E+000  0.12657E+000  0.15785E+000
  0.20350E+001  0.15773E+000  0.19928E+000  0.12143E+000  0.15248E+000
  0.20700E+001  0.15027E+000  0.18583E+000  0.11741E+000  0.14756E+000
  0.21050E+001  0.14389E+000  0.17453E+000  0.11433E+000  0.14282E+000
  0.21400E+001  0.13843E+000  0.16521E+000  0.11203E+000  0.13807E+000
  0.21750E+001  0.13371E+000  0.15760E+000  0.11034E+000  0.13320E+000
  0.22100E+001  0.12958E+000  0.15141E+000  0.10914E+000  0.12820E+000
  0.22450E+001  0.12593E+000  0.14636E+000  0.10828E+000  0.12315E+000
  0.22800E+001  0.12267E+000  0.14221E+000  0.10765E+000  0.11814E+000
  0.23150E+001  0.11975E+000  0.13879E+000  0.10715E+000  0.11330E+000
  0.23500E+001  0.11714E+000  0.13596E+000  0.10671E+000  0.10875E+000
  0.23850E+001  0.11481E+000  0.13359E+000  0.10626E+000  0.10457E+000
  0.24200E+001  0.11273E+000  0.13161E+000  0.10577E+000  0.10081E+000
  0.24550E+001  0.11088E+000  0.12991E+000  0.10523E+000  0.97496E-001
  0.24900E+001  0.10922E+000  0.12839E+000  0.10466E+000  0.94606E-001
  0.25250E+001  0.10772E+000  0.12695E+000  0.10409E+000  0.92107E-001
  0.25600E+001  0.10634E+000  0.12549E+000  0.10357E+000  0.89959E-001
  0.25950E+001  0.10507E+000  0.12394E+000  0.10314E+000  0.88132E-001
  0.26300E+001  0.10391E+000  0.12223E+000  0.10287E+000  0.86616E-001
  0.26650E+001  0.10286E+000  0.12035E+000  0.10279E+000  0.85425E-001
  0.27000E+001  0.10196E+000  0.11834E+000  0.10294E+000  0.84595E-001
  0.27350E+001  0.10126E+000  0.11626E+000  0.10335E+000  0.84184E-001
  0.27700E+001  0.10083E+000  0.11420E+000  0.10402E+000  0.84256E-001
  0.28050E+001  0.10071E+000  0.11228E+000  0.10498E+000  0.84873E-001
  0.28400E+001  0.10097E+000  0.11062E+000  0.10620E+000  0.86082E-001
  0.28750E+001  0.10163E+000  0.10929E+000  0.10770E+000  0.87899E-001
  0.29100E+001  0.10271E+000  0.10838E+000  0.10945E+000  0.90297E-001
  0.29450E+001  0.10418E+000  0.10790E+000  0.11143E+000  0.93206E-001
  0.29800E+001  0.10599E+000  0.10787E+000  0.11360E+000  0.96506E-001
  0.30150E+001  0.10807E+000  0.10825E+000  0.11591E+000  0.10004E+000
  0.30500E+001  0.11030E+000  0.10899E+000  0.11830E+000  0.10360E+000
  0.30850E+001  0.11258E+000  0.11005E+000  0.12069E+000  0.10700E+000
  0.31200E+001  0.11481E+000  0.11139E+000  0.12301E+000  0.11003E+000
  0.31550E+001  0.11690E+000  0.11297E+000  0.12520E+000  0.11253E+000
  0.31900E+001  0.11878E+000  0.11478E+000  0.12720E+000  0.11435E+000
  0.32250E+001  0.12041E+000  0.11681E+000  0.12897E+000  0.11544E+000
  0.32600E+001  0.12179E+000  0.11907E+000  0.13051E+000  0.11578E+000
  0.32950E+001  0.12292E+000  0.12155E+000  0.13181E+000  0.11542E+000
  0.33300E+001  0.12386E+000  0.12424E+000  0.13287E+000  0.11445E+000
  0.33650E+001  0.12462E+000  0.12712E+000  0.13373E+000  0.11302E+000
  0.34000E+001  0.12526E+000  0.13011E+000  0.13440E+000  0.11128E+000
  0.34350E+001  0.12582E+000  0.13315E+000  0.13490E+000  0.10939E+000
  0.34700E+001  0.12630E+000  0.13616E+000  0.13523E+000  0.10752E+000
  0.35050E+001  0.12674E+000  0.13903E+000  0.13540E+000  0.10579E+000
  0.35400E+001  0.12713E+000  0.14168E+000  0.13541E+000  0.10431E+000
  0.35750E+001  0.12749E+000  0.14405E+000  0.13526E+000  0.10316E+000
  0.36100E+001  0.12781E+000  0.14608E+000  0.13497E+000  0.10238E+000
  0.36450E+001  0.12811E+000  0.14776E+000  0.13458E+000  0.10198E+000
  0.36800E+001  0.12840E+000  0.14908E+000  0.13415E+000  0.10196E+000
  0.37150E+001  0.12871E+000  0.15007E+000  0.13376E+000  0.10230E+000
  0.37500E+001  0.12908E+000  0.15078E+000  0.13350E+000  0.10295E+000
  0.37850E+001  0.12955E+000  0.15127E+000  0.13349E+000  0.10390E+000
  0.38200E+001  0.13019E+000  0.15161E+000  0.13383E+000  0.10513E+000
  0.38550E+001  0.13104E+000  0.15189E+000  0.13460E+000  0.10664E+000
  0.38900E+001  0.13215E+000  0.15217E+000  0.13585E+000  0.10844E+000
  0.39250E+001  0.13357E+000  0.15257E+000  0.13759E+000  0.11054E+000
  0.39600E+001  0.13531E+000  0.15316E+000  0.13979E+000  0.11299E+000
  0.39950E+001  0.13740E+000  0.15406E+000  0.14235E+000  0.11580E+000
  0.40300E+001  0.13983E+000  0.15534E+000  0.14516E+000  0.11899E+000
  0.40650E+001  0.14258E+000  0.15710E+000  0.14808E+000  0.12254E+000
  0.41000E+001  0.14560E+000  0.15939E+000  0.15097E+000  0.12643E+000
  0.41350E+001  0.14883E+000  0.16224E+000  0.15368E+000  0.13057E+000
  0.41700E+001  0.15220E+000  0.16560E+000  0.15613E+000  0.13488E+000
  0.42050E+001  0.15562E+000  0.16940E+000  0.15825E+000  0.13921E+000
  0.42400E+001  0.15897E+000  0.17349E+000  0.15999E+000  0.14343E+000
  0.42750E+001  0.16216E+000  0.17767E+000  0.16138E+000  0.14741E+000
  0.43100E+001  0.16504E+000  0.18170E+000  0.16242E+000  0.15101E+000
  0.43450E+001  0.16753E+000  0.18529E+000  0.16317E+000  0.15412E+000
  0.43800E+001  0.16950E+000  0.18820E+000  0.16364E+000  0.15666E+000
  0.44150E+001  0.17086E+000  0.19018E+000  0.16386E+000  0.15855E+000
  0.44500E+001  0.17156E+000  0.19105E+000  0.16384E+000  0.15978E+000
  0.44850E+001  0.17154E+000  0.19071E+000  0.16359E+000  0.16033E+000
  0.45200E+001  0.17082E+000  0.18914E+000  0.16309E+000  0.16023E+000
  0.45550E+001  0.16941E+000  0.18638E+000  0.16234E+000  0.15951E+000
  0.45900E+001  0.16738E+000  0.18257E+000  0.16131E+000  0.15825E+000
  0.46250E+001  0.16481E+000  0.17789E+000  0.16003E+000  0.15651E+000
  0.46600E+001  0.16182E+000  0.17256E+000  0.15849E+000  0.15440E+000
  0.46950E+001  0.15852E+000  0.16680E+000  0.15673E+000  0.15203E+000
  0.47300E+001  0.15504E+000  0.16084E+000  0.15478E+000  0.14951E+000
  0.47650E+001  0.15151E+000  0.15490E+000  0.15267E+000  0.14697E+000
  0.48000E+001  0.14806E+000  0.14918E+000  0.15046E+000  0.14454E+000
  0.48350E+001  0.14478E+000  0.14382E+000  0.14818E+000  0.14233E+000
  0.48700E+001  0.14177E+000  0.13898E+000  0.14588E+000  0.14045E+000
  0.49050E+001  0.13911E+000  0.13476E+000  0.14360E+000  0.13897E+000
  0.49400E+001  0.13686E+000  0.13125E+000  0.14139E+000  0.13793E+000
  0.49750E+001  0.13504E+000  0.12849E+000  0.13929E+000  0.13734E+000
  0.50100E+001  0.13367E+000  0.12650E+000  0.13732E+000  0.13719E+000
  0.50450E+001  0.13275E+000  0.12527E+000  0.13554E+000  0.13744E+000
  0.50800E+001  0.13224E+000  0.12477E+000  0.13395E+000  0.13800E+000
  0.51150E+001  0.13211E+000  0.12493E+000  0.13259E+000  0.13881E+000
  0.51500E+001  0.13231E+000  0.12568E+000  0.13145E+000  0.13979E+000
  0.51850E+001  0.13277E+000  0.12694E+000  0.13052E+000  0.14086E+000
  0.52200E+001  0.13346E+000  0.12862E+000  0.12978E+000  0.14196E+000
  0.52550E+001  0.13430E+000  0.13067E+000  0.12922E+000  0.14303E+000
  0.52900E+001  0.13527E+000  0.13300E+000  0.12879E+000  0.14403E+000
  0.53250E+001  0.13633E+000  0.13558E+000  0.12846E+000  0.14494E+000
  0.53600E+001  0.13743E+000  0.13834E+000  0.12820E+000  0.14576E+000
  0.53950E+001  0.13856E+000  0.14123E+000  0.12798E+000  0.14647E+000
  0.54300E+001  0.13967E+000  0.14416E+000  0.12778E+000  0.14707E+000
  0.54650E+001  0.14073E+000  0.14706E+000  0.12757E+000  0.14757E+000
  0.55000E+001  0.14171E+000  0.14982E+000  0.12735E+000  0.14797E+000
  0.55350E+001  0.14257E+000  0.15231E+000  0.12712E+000  0.14828E+000
  0.55700E+001  0.14328E+000  0.15444E+000  0.12689E+000  0.14850E+000
  0.56050E+001  0.14382E+000  0.15611E+000  0.12669E+000  0.14865E+000
  0.56400E+001  0.14419E+000  0.15725E+000  0.12656E+000  0.14876E+000
  0.56750E+001  0.14442E+000  0.15783E+000  0.12656E+000  0.14888E+000
  0.57100E+001  0.14456E+000  0.15787E+000  0.12675E+000  0.14906E+000
  0.57450E+001  0.14468E+000  0.15744E+000  0.12722E+000  0.14937E+000
  0.57800E+001  0.14485E+000  0.15664E+000  0.12801E+000  0.14990E+000
  0.58150E+001  0.14517E+000  0.15559E+000  0.12920E+000  0.15072E+000
  0.58500E+001  0.14572E+000  0.15445E+000  0.13080E+000  0.15191E+000
  0.58850E+001  0.14657E+000  0.15335E+000  0.13282E+000  0.15353E+000
  0.59200E+001  0.14775E+000  0.15241E+000  0.13524E+000  0.15561E+000
  0.59550E+001  0.14929E+000  0.15170E+000  0.13799E+000  0.15817E+000
  0.59900E+001  0.15116E+000  0.15128E+000  0.14101E+000  0.16118E+000
  0.60250E+001  0.15331E+000  0.15112E+000  0.14420E+000  0.16462E+000
  0.60600E+001  0.15569E+000  0.15119E+000  0.14747E+000  0.16841E+000
  0.60950E+001  0.15822E+000  0.15139E+000  0.15075E+000  0.17250E+000
  0.61300E+001  0.16082E+000  0.15164E+000  0.15398E+000  0.17683E+000
  0.61650E+001  0.16344E+000  0.15183E+000  0.15714E+000  0.18134E+000
  0.62000E+001  0.16605E+000  0.15191E+000  0.16023E+000  0.18601E+000
  0.62350E+001  0.16865E+000  0.15184E+000  0.16331E+000  0.19081E+000
  0.62700E+001  0.17128E+000  0.15164E+000  0.16646E+000  0.19575E+000
  0.63050E+001  0.17399E+000  0.15138E+000  0.16978E+000  0.20081E+000
  0.63400E+001  0.17684E+000  0.15116E+000  0.17336E+000  0.20598E+000
  0.63750E+001  0.17988E+000  0.15110E+000  0.17732E+000  0.21123E+000
  0.64100E+001  0.18318E+000  0.15130E+000  0.18172E+000  0.21650E+000
  0.64450E+001  0.18673E+000  0.15185E+000  0.18661E+000  0.22172E+000
  0.64800E+001  0.19051E+000  0.15278E+000  0.19199E+000  0.22676E+000
  0.65150E+001  0.19446E+000  0.15405E+000  0.19779E+000  0.23153E+000
  0.65500E+001  0.19846E+000  0.15560E+000  0.20391E+000  0.23588E+000
  0.65850E+001  0.20239E+000  0.15727E+000  0.21021E+000  0.23970E+000
  0.66200E+001  0.20609E+000  0.15891E+000  0.21649E+000  0.24288E+000
  0.66550E+001  0.20940E+000  0.16036E+000  0.22252E+000  0.24533E+000
  0.66900E+001  0.21217E+000  0.16146E+000  0.22809E+000  0.24697E+000
  0.67250E+001  0.21428E+000  0.16214E+000  0.23296E+000  0.24774E+000
  0.67600E+001  0.21564E+000  0.16235E+000  0.23697E+000  0.24761E+000
  0.67950E+001  0.21623E+000  0.16213E+000  0.23998E+000  0.24658E+000
  0.68300E+001  0.21609E+000  0.16162E+000  0.24197E+000  0.24468E+000
  0.68650E+001  0.21531E+000  0.16097E+000  0.24297E+000  0.24198E+000
  0.69000E+001  0.21402E+000  0.16040E+000  0.24309E+000  0.23857E+000
  0.69350E+001  0.21241E+000  0.16011E+000  0.24252E+000  0.23460E+000
  0.69700E+001  0.21067E+000  0.16030E+000  0.24148E+000  0.23022E+000
  0.70050E+001  0.20897E+000  0.16110E+000  0.24019E+000  0.22562E+000
  0.70400E+001  0.20748E+000  0.16259E+000  0.23887E+000  0.22097E+000
  0.70750E+001  0.20630E+000  0.16475E+000  0.23769E+000  0.21645E+000
  0.71100E+001  0.20548E+000  0.16751E+000  0.23676E+000  0.21218E+000
  0.71450E+001  0.20505E+000  0.17070E+000  0.23616E+000  0.20829E+000
  0.71800E+001  0.20496E+000  0.17414E+000  0.23591E+000  0.20485E+000
  0.72150E+001  0.20516E+000  0.17761E+000  0.23596E+000  0.20189E+000
  0.72500E+001  0.20554E+000  0.18094E+000  0.23625E+000  0.19943E+000
  0.72850E+001  0.20602E+000  0.18394E+000  0.23669E+000  0.19743E+000
  0.73200E+001  0.20650E+000  0.18649E+000  0.23714E+000  0.19587E+000
  0.73550E+001  0.20691E+000  0.18854E+000  0.23749E+000  0.19470E+000
  0.73900E+001  0.20715E+000  0.19004E+000  0.23756E+000  0.19385E+000
  0.74250E+001  0.20716E+000  0.19101E+000  0.23719E+000  0.19326E+000
  0.74600E+001  0.20687E+000  0.19147E+000  0.23624E+000  0.19288E+000
  0.74950E+001  0.20621E+000  0.19144E+000  0.23456E+000  0.19264E+000
  0.75300E+001  0.20515E+000  0.19094E+000  0.23202E+000  0.19249E+000
  0.75650E+001  0.20364E+000  0.19000E+000  0.22855E+000  0.19236E+000
  0.76000E+001  0.20165E+000  0.18862E+000  0.22412E+000  0.19220E+000
  0.76350E+001  0.19918E+000  0.18682E+000  0.21876E+000  0.19195E+000
  0.76700E+001  0.19625E+000  0.18463E+000  0.21255E+000  0.19156E+000
  0.77050E+001  0.19290E+000  0.18209E+000  0.20563E+000  0.19096E+000
  0.77400E+001  0.18919E+000  0.17929E+000  0.19817E+000  0.19012E+000
  0.77750E+001  0.18522E+000  0.17630E+000  0.19035E+000  0.18900E+000
  0.78100E+001  0.18106E+000  0.17322E+000  0.18238E+000  0.18758E+000
  0.78450E+001  0.17682E+000  0.17017E+000  0.17443E+000  0.18586E+000
  0.78800E+001  0.17260E+000  0.16723E+000  0.16669E+000  0.18389E+000
  0.79150E+001  0.16849E+000  0.16444E+000  0.15930E+000  0.18173E+000
  0.79500E+001  0.16455E+000  0.16182E+000  0.15238E+000  0.17945E+000
  0.79850E+001  0.16086E+000  0.15935E+000  0.14604E+000  0.17718E+000
  0.80200E+001  0.15745E+000  0.15697E+000  0.14037E+000  0.17502E+000
  0.80550E+001  0.15436E+000  0.15459E+000  0.13541E+000  0.17309E+000
  0.80900E+001  0.15161E+000  0.15214E+000  0.13121E+000  0.17148E+000
  0.81250E+001  0.14919E+000  0.14956E+000  0.12778E+000  0.17024E+000
  0.81600E+001  0.14710E+000  0.14683E+000  0.12509E+000  0.16940E+000
  0.81950E+001  0.14533E+000  0.14397E+000  0.12309E+000  0.16893E+000
  0.82300E+001  0.14384E+000  0.14106E+000  0.12169E+000  0.16878E+000
  0.82650E+001  0.14262E+000  0.13820E+000  0.12079E+000  0.16885E+000
  0.83000E+001  0.14162E+000  0.13554E+000  0.12027E+000  0.16905E+000
  0.83350E+001  0.14082E+000  0.13323E+000  0.11999E+000  0.16925E+000
  0.83700E+001  0.14020E+000  0.13139E+000  0.11984E+000  0.16937E+000
  0.84050E+001  0.13974E+000  0.13013E+000  0.11974E+000  0.16934E+000
  0.84400E+001  0.13942E+000  0.12950E+000  0.11963E+000  0.16913E+000
  0.84750E+001  0.13925E+000  0.12951E+000  0.11950E+000  0.16873E+000
  0.85100E+001  0.13923E+000  0.13012E+000  0.11938E+000  0.16817E+000
  0.85450E+001  0.13936E+000  0.13124E+000  0.11933E+000  0.16752E+000
  0.85800E+001  0.13967E+000  0.13274E+000  0.11943E+000  0.16684E+000
  0.86150E+001  0.14014E+000  0.13445E+000  0.11976E+000  0.16620E+000
  0.86500E+001  0.14077E+000  0.13621E+000  0.12042E+000  0.16568E+000
  0.86850E+001  0.14153E+000  0.13782E+000  0.12145E+000  0.16531E+000
  0.87200E+001  0.14238E+000  0.13913E+000  0.12289E+000  0.16514E+000
  0.87550E+001  0.14330E+000  0.13998E+000  0.12473E+000  0.16519E+000
  0.87900E+001  0.14422E+000  0.14028E+000  0.12691E+000  0.16547E+000
  0.88250E+001  0.14510E+000  0.13997E+000  0.12935E+000  0.16598E+000
  0.88600E+001  0.14591E+000  0.13906E+000  0.13197E+000  0.16670E+000
  0.88950E+001  0.14662E+000  0.13761E+000  0.13465E+000  0.16759E+000
  0.89300E+001  0.14721E+000  0.13573E+000  0.13728E+000  0.16861E+000
  0.89650E+001  0.14768E+000  0.13357E+000  0.13979E+000  0.16968E+000
  0.90000E+001  0.14805E+000  0.13131E+000  0.14211E+000  0.17074E+000
  0.90350E+001  0.14834E+000  0.12912E+000  0.14419E+000  0.17170E+000
  0.90700E+001  0.14857E+000  0.12718E+000  0.14603E+000  0.17249E+000
  0.91050E+001  0.14877E+000  0.12564E+000  0.14764E+000  0.17303E+000
  0.91400E+001  0.14897E+000  0.12459E+000  0.14906E+000  0.17326E+000
  0.91750E+001  0.14921E+000  0.12411E+000  0.15035E+000  0.17316E+000
  0.92100E+001  0.14950E+000  0.12421E+000  0.15158E+000  0.17270E+000
  0.92450E+001  0.14986E+000  0.12486E+000  0.15282E+000  0.17191E+000
  0.92800E+001  0.15032E+000  0.12603E+000  0.15413E+000  0.17082E+000
  0.93150E+001  0.15089E+000  0.12763E+000  0.15558E+000  0.16946E+000
  0.93500E+001  0.15156E+000  0.12957E+000  0.15721E+000  0.16792E+000
  0.93850E+001  0.15235E+000  0.13177E+000  0.15903E+000  0.16625E+000
  0.94200E+001  0.15324E+000  0.13416E+000  0.16105E+000  0.16452E+000
  0.94550E+001  0.15424E+000  0.13669E+000  0.16322E+000  0.16280E+000
  0.94900E+001  0.15531E+000  0.13931E+000  0.16550E+000  0.16114E+000
  0.95250E+001  0.15646E+000  0.14199E+000  0.16782E+000  0.15958E+000
  0.95600E+001  0.15767E+000  0.14473E+000  0.17015E+000  0.15813E+000
  0.95950E+001  0.15892E+000  0.14752E+000  0.17243E+000  0.15682E+000
  0.96300E+001  0.16021E+000  0.15036E+000  0.17466E+000  0.15561E+000
  0.96650E+001  0.16152E+000  0.15324E+000  0.17683E+000  0.15449E+000
  0.97000E+001  0.16285E+000  0.15615E+000  0.17898E+000  0.15343E+000
  0.97350E+001  0.16420E+000  0.15908E+000  0.18115E+000  0.15239E+000
  0.97700E+001  0.16556E+000  0.16198E+000  0.18335E+000  0.15135E+000
  0.98050E+001  0.16690E+000  0.16481E+000  0.18558E+000  0.15030E+000
  0.98400E+001  0.16819E+000  0.16753E+000  0.18783E+000  0.14921E+000
  0.98750E+001  0.16939E+000  0.17008E+000  0.18999E+000  0.14809E+000
  0.99100E+001  0.17042E+000  0.17239E+000  0.19193E+000  0.14694E+000
  0.99450E+001  0.17122E+000  0.17440E+000  0.19350E+000  0.14576E+000
  0.99800E+001  0.17170E+000  0.17605E+000  0.19452E+000  0.14454E+000
  0.10015E+002  0.17179E+000  0.17728E+000  0.19482E+000  0.14328E+000
  0.10050E+002  0.17145E+000  0.17807E+000  0.19428E+000  0.14198E+000
  0.10085E+002  0.17063E+000  0.17841E+000  0.19282E+000  0.14064E+000
  0.10120E+002  0.16934E+000  0.17830E+000  0.19046E+000  0.13927E+000
  0.10155E+002  0.16763E+000  0.17778E+000  0.18725E+000  0.13786E+000
  0.10190E+002  0.16556E+000  0.17691E+000  0.18333E+000  0.13645E+000
  0.10225E+002  0.16323E+000  0.17577E+000  0.17887E+000  0.13504E+000
  0.10260E+002  0.16072E+000  0.17445E+000  0.17405E+000  0.13365E+000
  0.10295E+002  0.15813E+000  0.17303E+000  0.16904E+000  0.13231E+000
  0.10330E+002  0.15554E+000  0.17160E+000  0.16398E+000  0.13103E+000
  0.10365E+002  0.15301E+000  0.17022E+000  0.15899E+000  0.12982E+000
  0.10400E+002  0.15058E+000  0.16893E+000  0.15413E+000  0.12867E+000
  0.10435E+002  0.14826E+000  0.16776E+000  0.14944E+000  0.12758E+000
  0.10470E+002  0.14607E+000  0.16672E+000  0.14495E+000  0.12653E+000
  0.10505E+002  0.14399E+000  0.16580E+000  0.14066E+000  0.12551E+000
  0.10540E+002  0.14203E+000  0.16497E+000  0.13660E+000  0.12450E+000
  0.10575E+002  0.14016E+000  0.16420E+000  0.13281E+000  0.12349E+000
  0.10610E+002  0.13841E+000  0.16346E+000  0.12930E+000  0.12246E+000
  0.10645E+002  0.13676E+000  0.16271E+000  0.12615E+000  0.12141E+000
  0.10680E+002  0.13521E+000  0.16191E+000  0.12340E+000  0.12033E+000
  0.10715E+002  0.13378E+000  0.16103E+000  0.12108E+000  0.11922E+000
  0.10750E+002  0.13246E+000  0.16005E+000  0.11924E+000  0.11810E+000
  0.10785E+002  0.13127E+000  0.15896E+000  0.11788E+000  0.11697E+000
  0.10820E+002  0.13020E+000  0.15775E+000  0.11699E+000  0.11586E+000
  0.10855E+002  0.12927E+000  0.15647E+000  0.11653E+000  0.11480E+000
  0.10890E+002  0.12847E+000  0.15514E+000  0.11647E+000  0.11380E+000
  0.10925E+002  0.12784E+000  0.15385E+000  0.11675E+000  0.11291E+000
  0.10960E+002  0.12736E+000  0.15266E+000  0.11730E+000  0.11213E+000
  0.10995E+002  0.12706E+000  0.15166E+000  0.11806E+000  0.11147E+000
  0.11030E+002  0.12693E+000  0.15090E+000  0.11896E+000  0.11093E+000
  0.11065E+002  0.12696E+000  0.15044E+000  0.11995E+000  0.11049E+000
  0.11100E+002  0.12711E+000  0.15027E+000  0.12097E+000  0.11008E+000
  0.11135E+002  0.12734E+000  0.15038E+000  0.12197E+000  0.10966E+000
  0.11170E+002  0.12759E+000  0.15070E+000  0.12289E+000  0.10917E+000
  0.11205E+002  0.12780E+000  0.15116E+000  0.12369E+000  0.10854E+000
  0.11240E+002  0.12791E+000  0.15167E+000  0.12433E+000  0.10773E+000
  0.11275E+002  0.12786E+000  0.15212E+000  0.12475E+000  0.10671E+000
  0.11310E+002  0.12761E+000  0.15243E+000  0.12491E+000  0.10547E+000
  0.11345E+002  0.12712E+000  0.15254E+000  0.12480E+000  0.10403E+000
  0.11380E+002  0.12640E+000  0.15241E+000  0.12438E+000  0.10242E+000
  0.11415E+002  0.12545E+000  0.15201E+000  0.12364E+000  0.10069E+000
  0.11450E+002  0.12428E+000  0.15133E+000  0.12259E+000  0.98911E-001
  0.11485E+002  0.12291E+000  0.15037E+000  0.12124E+000  0.97133E-001
  0.11520E+002  0.12138E+000  0.14913E+000  0.11960E+000  0.95419E-001
  0.11555E+002  0.11972E+000  0.14761E+000  0.11772E+000  0.93813E-001
  0.11590E+002  0.11794E+000  0.14581E+000  0.11565E+000  0.92352E-001
  0.11625E+002  0.11607E+000  0.14373E+000  0.11342E+000  0.91054E-001
  0.11660E+002  0.11413E+000  0.14138E+000  0.11108E+000  0.89924E-001
  0.11695E+002  0.11213E+000  0.13875E+000  0.10868E+000  0.88947E-001
  0.11730E+002  0.11008E+000  0.13588E+000  0.10626E+000  0.88100E-001
  0.11765E+002  0.10799E+000  0.13278E+000  0.10386E+000  0.87340E-001
  0.11800E+002  0.10587E+000  0.12948E+000  0.10150E+000  0.86618E-001
  0.11835E+002  0.10370E+000  0.12604E+000  0.99197E-001  0.85874E-001
  0.11870E+002  0.10150E+000  0.12249E+000  0.96977E-001  0.85046E-001
  0.11905E+002  0.99273E-001  0.11889E+000  0.94854E-001  0.84074E-001
  0.11940E+002  0.97013E-001  0.11529E+000  0.92841E-001  0.82904E-001
  0.11975E+002  0.94734E-001  0.11175E+000  0.90954E-001  0.81498E-001
  0.12010E+002  0.92453E-001  0.10832E+000  0.89208E-001  0.79836E-001
  0.12045E+002  0.90194E-001  0.10505E+000  0.87615E-001  0.77919E-001
  0.12080E+002  0.87983E-001  0.10200E+000  0.86182E-001  0.75771E-001
  0.12115E+002  0.85851E-001  0.99206E-001  0.84913E-001  0.73432E-001
  0.12150E+002  0.83824E-001  0.96710E-001  0.83802E-001  0.70959E-001
  0.12185E+002  0.81923E-001  0.94524E-001  0.82834E-001  0.68411E-001
  0.12220E+002  0.80160E-001  0.92641E-001  0.81989E-001  0.65850E-001
  0.12255E+002  0.78533E-001  0.91035E-001  0.81236E-001  0.63328E-001
  0.12290E+002  0.77029E-001  0.89656E-001  0.80541E-001  0.60889E-001
  0.12325E+002  0.75623E-001  0.88439E-001  0.79868E-001  0.58561E-001
  0.12360E+002  0.74284E-001  0.87309E-001  0.79179E-001  0.56363E-001
  0.12395E+002  0.72979E-001  0.86189E-001  0.78441E-001  0.54307E-001
  0.12430E+002  0.71678E-001  0.85013E-001  0.77624E-001  0.52398E-001
  0.12465E+002  0.70357E-001  0.83730E-001  0.76705E-001  0.50637E-001
  0.12500E+002  0.69002E-001  0.82310E-001  0.75666E-001  0.49028E-001
  0.12535E+002  0.67608E-001  0.80753E-001  0.74498E-001  0.47573E-001
  0.12570E+002  0.66183E-001  0.79080E-001  0.73198E-001  0.46271E-001
  0.12605E+002  0.64741E-001  0.77333E-001  0.71768E-001  0.45121E-001
  0.12640E+002  0.63301E-001  0.75571E-001  0.70218E-001  0.44114E-001
  0.12675E+002  0.61887E-001  0.73859E-001  0.68561E-001  0.43241E-001
  0.12710E+002  0.60520E-001  0.72261E-001  0.66814E-001  0.42484E-001
  0.12745E+002  0.59219E-001  0.70835E-001  0.64997E-001  0.41825E-001
  0.12780E+002  0.58002E-001  0.69629E-001  0.63132E-001  0.41246E-001
  0.12815E+002  0.56881E-001  0.68672E-001  0.61240E-001  0.40732E-001
  0.12850E+002  0.55864E-001  0.67978E-001  0.59344E-001  0.40270E-001
  0.12885E+002  0.54956E-001  0.67543E-001  0.57467E-001  0.39857E-001
  0.12920E+002  0.54155E-001  0.67343E-001  0.55627E-001  0.39495E-001
  0.12955E+002  0.53456E-001  0.67340E-001  0.53840E-001  0.39188E-001
  0.12990E+002  0.52849E-001  0.67478E-001  0.52121E-001  0.38947E-001
  0.13025E+002  0.52316E-001  0.67694E-001  0.50475E-001  0.38780E-001
  0.13060E+002  0.51837E-001  0.67912E-001  0.48908E-001  0.38691E-001
  0.13095E+002  0.51387E-001  0.68061E-001  0.47418E-001  0.38681E-001
  0.13130E+002  0.50939E-001  0.68070E-001  0.46001E-001  0.38745E-001
  0.13165E+002  0.50468E-001  0.67881E-001  0.44650E-001  0.38873E-001
  0.13200E+002  0.49954E-001  0.67456E-001  0.43357E-001  0.39049E-001
  0.13235E+002  0.49381E-001  0.66772E-001  0.42114E-001  0.39256E-001
  0.13270E+002  0.48741E-001  0.65831E-001  0.40917E-001  0.39475E-001
  0.13305E+002  0.48034E-001  0.64651E-001  0.39761E-001  0.39689E-001
  0.13340E+002  0.47266E-001  0.63265E-001  0.38647E-001  0.39886E-001
  0.13375E+002  0.46450E-001  0.61716E-001  0.37577E-001  0.40056E-001
  0.13410E+002  0.45600E-001  0.60049E-001  0.36559E-001  0.40192E-001
  0.13445E+002  0.44733E-001  0.58306E-001  0.35601E-001  0.40293E-001
  0.13480E+002  0.43866E-001  0.56523E-001  0.34716E-001  0.40359E-001
  0.13515E+002  0.43013E-001  0.54730E-001  0.33918E-001  0.40392E-001
  0.13550E+002  0.42189E-001  0.52948E-001  0.33222E-001  0.40396E-001
  0.13585E+002  0.41402E-001  0.51193E-001  0.32642E-001  0.40371E-001
  0.13620E+002  0.40662E-001  0.49478E-001  0.32189E-001  0.40320E-001
  0.13655E+002  0.39975E-001  0.47813E-001  0.31869E-001  0.40243E-001
  0.13690E+002  0.39343E-001  0.46205E-001  0.31684E-001  0.40142E-001
  0.13725E+002  0.38768E-001  0.44662E-001  0.31625E-001  0.40016E-001
  0.13760E+002  0.38245E-001  0.43193E-001  0.31677E-001  0.39866E-001
  0.13795E+002  0.37770E-001  0.41801E-001  0.31817E-001  0.39693E-001
  0.13830E+002  0.37334E-001  0.40488E-001  0.32016E-001  0.39497E-001
  0.13865E+002  0.36926E-001  0.39257E-001  0.32242E-001  0.39278E-001
  0.13900E+002  0.36534E-001  0.38103E-001  0.32464E-001  0.39034E-001
  0.13935E+002  0.36145E-001  0.37023E-001  0.32654E-001  0.38759E-001
  0.13970E+002  0.35750E-001  0.36012E-001  0.32789E-001  0.38447E-001
  0.14005E+002  0.35338E-001  0.35069E-001  0.32857E-001  0.38090E-001
  0.14040E+002  0.34907E-001  0.34189E-001  0.32851E-001  0.37679E-001
  0.14075E+002  0.34454E-001  0.33376E-001  0.32777E-001  0.37210E-001
  0.14110E+002  0.33986E-001  0.32629E-001  0.32647E-001  0.36680E-001
  0.14145E+002  0.33507E-001  0.31953E-001  0.32476E-001  0.36092E-001
  0.14180E+002  0.33028E-001  0.31348E-001  0.32282E-001  0.35453E-001
  0.14215E+002  0.32556E-001  0.30812E-001  0.32081E-001  0.34773E-001
  0.14250E+002  0.32097E-001  0.30338E-001  0.31885E-001  0.34068E-001
  0.14285E+002  0.31652E-001  0.29912E-001  0.31695E-001  0.33350E-001
  0.14320E+002  0.31218E-001  0.29517E-001  0.31508E-001  0.32630E-001
  0.14355E+002  0.30786E-001  0.29132E-001  0.31308E-001  0.31917E-001
  0.14390E+002  0.30342E-001  0.28736E-001  0.31076E-001  0.31214E-001
  0.14425E+002  0.29874E-001  0.28310E-001  0.30788E-001  0.30523E-001
  0.14460E+002  0.29367E-001  0.27842E-001  0.30417E-001  0.29841E-001
  0.14495E+002  0.28813E-001  0.27328E-001  0.29942E-001  0.29168E-001
  0.14530E+002  0.28206E-001  0.26770E-001  0.29346E-001  0.28502E-001
  0.14565E+002  0.27548E-001  0.26179E-001  0.28620E-001  0.27844E-001
  0.14600E+002  0.26844E-001  0.25571E-001  0.27764E-001  0.27196E-001
  0.14635E+002  0.26104E-001  0.24963E-001  0.26787E-001  0.26562E-001
  0.14670E+002  0.25340E-001  0.24372E-001  0.25706E-001  0.25943E-001
  0.14705E+002  0.24563E-001  0.23810E-001  0.24541E-001  0.25340E-001
  0.14740E+002  0.23784E-001  0.23283E-001  0.23319E-001  0.24750E-001
  0.14775E+002  0.23010E-001  0.22791E-001  0.22068E-001  0.24170E-001
  0.14810E+002  0.22245E-001  0.22327E-001  0.20815E-001  0.23594E-001
  0.14845E+002  0.21494E-001  0.21879E-001  0.19587E-001  0.23017E-001
  0.14880E+002  0.20758E-001  0.21428E-001  0.18409E-001  0.22437E-001
  0.14915E+002  0.20037E-001  0.20957E-001  0.17301E-001  0.21853E-001
  0.14950E+002  0.19332E-001  0.20447E-001  0.16281E-001  0.21269E-001
  0.14985E+002  0.18645E-001  0.19881E-001  0.15361E-001  0.20694E-001
  0.15020E+002  0.17978E-001  0.19246E-001  0.14551E-001  0.20136E-001
  0.15055E+002  0.17332E-001  0.18537E-001  0.13853E-001  0.19608E-001
  0.15090E+002  0.16712E-001  0.17751E-001  0.13267E-001  0.19118E-001
  0.15125E+002  0.16120E-001  0.16895E-001  0.12790E-001  0.18676E-001
  0.15160E+002  0.15562E-001  0.15983E-001  0.12414E-001  0.18288E-001
  0.15195E+002  0.15041E-001  0.15036E-001  0.12131E-001  0.17956E-001
  0.15230E+002  0.14566E-001  0.14079E-001  0.11935E-001  0.17684E-001
  0.15265E+002  0.14144E-001  0.13142E-001  0.11816E-001  0.17473E-001
  0.15300E+002  0.13784E-001  0.12255E-001  0.11771E-001  0.17325E-001
  0.15335E+002  0.13495E-001  0.11450E-001  0.11792E-001  0.17244E-001
  0.15370E+002  0.13288E-001  0.10752E-001  0.11877E-001  0.17234E-001
  0.15405E+002  0.13167E-001  0.10183E-001  0.12020E-001  0.17299E-001
  0.15440E+002  0.13138E-001  0.97560E-002  0.12215E-001  0.17443E-001
  0.15475E+002  0.13199E-001  0.94771E-002  0.12456E-001  0.17663E-001
  0.15510E+002  0.13344E-001  0.93436E-002  0.12733E-001  0.17955E-001
  0.15545E+002  0.13564E-001  0.93457E-002  0.13038E-001  0.18309E-001
  0.15580E+002  0.13847E-001  0.94677E-002  0.13365E-001  0.18707E-001
  0.15615E+002  0.14176E-001  0.96898E-002  0.13707E-001  0.19132E-001
  0.15650E+002  0.14539E-001  0.99905E-002  0.14064E-001  0.19563E-001
  0.15685E+002  0.14923E-001  0.10348E-001  0.14440E-001  0.19980E-001
  0.15720E+002  0.15319E-001  0.10744E-001  0.14842E-001  0.20372E-001
  0.15755E+002  0.15725E-001  0.11161E-001  0.15280E-001  0.20734E-001
  0.15790E+002  0.16141E-001  0.11586E-001  0.15766E-001  0.21071E-001
  0.15825E+002  0.16573E-001  0.12010E-001  0.16308E-001  0.21401E-001
  0.15860E+002  0.17029E-001  0.12427E-001  0.16909E-001  0.21750E-001
  0.15895E+002  0.17517E-001  0.12833E-001  0.17566E-001  0.22153E-001
  0.15930E+002  0.18047E-001  0.13226E-001  0.18269E-001  0.22646E-001
  0.15965E+002  0.18624E-001  0.13603E-001  0.19002E-001  0.23266E-001
  0.16000E+002  0.19249E-001  0.13961E-001  0.19745E-001  0.24041E-001
  0.16035E+002  0.19922E-001  0.14297E-001  0.20479E-001  0.24992E-001
  0.16070E+002  0.20638E-001  0.14604E-001  0.21188E-001  0.26123E-001
  0.16105E+002  0.21389E-001  0.14878E-001  0.21865E-001  0.27424E-001
  0.16140E+002  0.22166E-001  0.15115E-001  0.22513E-001  0.28871E-001
  0.16175E+002  0.22960E-001  0.15312E-001  0.23144E-001  0.30425E-001
  0.16210E+002  0.23762E-001  0.15470E-001  0.23778E-001  0.32037E-001
  0.16245E+002  0.24561E-001  0.15593E-001  0.24438E-001  0.33653E-001
  0.16280E+002  0.25351E-001  0.15690E-001  0.25148E-001  0.35214E-001
  0.16315E+002  0.26121E-001  0.15770E-001  0.25925E-001  0.36667E-001
  0.16350E+002  0.26864E-001  0.15849E-001  0.26778E-001  0.37965E-001
  0.16385E+002  0.27572E-001  0.15941E-001  0.27701E-001  0.39074E-001
  0.16420E+002  0.28238E-001  0.16061E-001  0.28680E-001  0.39973E-001
  0.16455E+002  0.28855E-001  0.16221E-001  0.29689E-001  0.40656E-001
  0.16490E+002  0.29421E-001  0.16433E-001  0.30694E-001  0.41134E-001
  0.16525E+002  0.29933E-001  0.16706E-001  0.31662E-001  0.41430E-001
  0.16560E+002  0.30395E-001  0.17049E-001  0.32560E-001  0.41578E-001
  0.16595E+002  0.30817E-001  0.17466E-001  0.33364E-001  0.41620E-001
  0.16630E+002  0.31210E-001  0.17966E-001  0.34061E-001  0.41603E-001
  0.16665E+002  0.31591E-001  0.18552E-001  0.34646E-001  0.41575E-001
  0.16700E+002  0.31980E-001  0.19230E-001  0.35129E-001  0.41580E-001
  0.16735E+002  0.32398E-001  0.20005E-001  0.35530E-001  0.41659E-001
  0.16770E+002  0.32864E-001  0.20878E-001  0.35872E-001  0.41843E-001
  0.16805E+002  0.33397E-001  0.21847E-001  0.36187E-001  0.42157E-001
  0.16840E+002  0.34008E-001  0.22905E-001  0.36504E-001  0.42615E-001
  0.16875E+002  0.34705E-001  0.24041E-001  0.36854E-001  0.43219E-001
  0.16910E+002  0.35486E-001  0.25236E-001  0.37263E-001  0.43961E-001
  0.16945E+002  0.36348E-001  0.26471E-001  0.37751E-001  0.44823E-001
  0.16980E+002  0.37280E-001  0.27721E-001  0.38339E-001  0.45779E-001
  0.17015E+002  0.38267E-001  0.28962E-001  0.39039E-001  0.46800E-001
  0.17050E+002  0.39294E-001  0.30172E-001  0.39861E-001  0.47850E-001
  0.17085E+002  0.40347E-001  0.31331E-001  0.40811E-001  0.48898E-001
  0.17120E+002  0.41410E-001  0.32428E-001  0.41888E-001  0.49914E-001
  0.17155E+002  0.42470E-001  0.33453E-001  0.43083E-001  0.50873E-001
  0.17190E+002  0.43513E-001  0.34405E-001  0.44379E-001  0.51756E-001
  0.17225E+002  0.44529E-001  0.35288E-001  0.45747E-001  0.52551E-001
  0.17260E+002  0.45502E-001  0.36107E-001  0.47149E-001  0.53250E-001
  0.17295E+002  0.46419E-001  0.36869E-001  0.48534E-001  0.53853E-001
  0.17330E+002  0.47263E-001  0.37579E-001  0.49847E-001  0.54363E-001
  0.17365E+002  0.48016E-001  0.38237E-001  0.51027E-001  0.54785E-001
  0.17400E+002  0.48663E-001  0.38841E-001  0.52019E-001  0.55128E-001
  0.17435E+002  0.49184E-001  0.39382E-001  0.52771E-001  0.55400E-001
  0.17470E+002  0.49568E-001  0.39849E-001  0.53248E-001  0.55607E-001
  0.17505E+002  0.49804E-001  0.40229E-001  0.53428E-001  0.55755E-001
  0.17540E+002  0.49889E-001  0.40509E-001  0.53311E-001  0.55846E-001
  0.17575E+002  0.49825E-001  0.40684E-001  0.52916E-001  0.55876E-001
  0.17610E+002  0.49625E-001  0.40749E-001  0.52282E-001  0.55843E-001
  0.17645E+002  0.49307E-001  0.40712E-001  0.51465E-001  0.55743E-001
  0.17680E+002  0.48898E-001  0.40585E-001  0.50533E-001  0.55575E-001
  0.17715E+002  0.48432E-001  0.40390E-001  0.49562E-001  0.55344E-001
  0.17750E+002  0.47946E-001  0.40151E-001  0.48628E-001  0.55059E-001
  0.17785E+002  0.47481E-001  0.39896E-001  0.47805E-001  0.54742E-001
  0.17820E+002  0.47076E-001  0.39656E-001  0.47154E-001  0.54420E-001
  0.17855E+002  0.46767E-001  0.39456E-001  0.46719E-001  0.54126E-001
  0.17890E+002  0.46581E-001  0.39318E-001  0.46530E-001  0.53895E-001
  0.17925E+002  0.46537E-001  0.39258E-001  0.46593E-001  0.53760E-001
  0.17960E+002  0.46642E-001  0.39283E-001  0.46897E-001  0.53747E-001
  0.17995E+002  0.46894E-001  0.39392E-001  0.47417E-001  0.53872E-001
  0.18030E+002  0.47277E-001  0.39577E-001  0.48116E-001  0.54137E-001
  0.18065E+002  0.47768E-001  0.39821E-001  0.48951E-001  0.54531E-001
  0.18100E+002  0.48338E-001  0.40102E-001  0.49880E-001  0.55032E-001
  0.18135E+002  0.48956E-001  0.40398E-001  0.50863E-001  0.55607E-001
  0.18170E+002  0.49590E-001  0.40684E-001  0.51867E-001  0.56219E-001
  0.18205E+002  0.50212E-001  0.40942E-001  0.52867E-001  0.56828E-001
  0.18240E+002  0.50801E-001  0.41160E-001  0.53845E-001  0.57398E-001
  0.18275E+002  0.51340E-001  0.41333E-001  0.54788E-001  0.57899E-001
  0.18310E+002  0.51821E-001  0.41467E-001  0.55686E-001  0.58309E-001
  0.18345E+002  0.52239E-001  0.41573E-001  0.56529E-001  0.58615E-001
  0.18380E+002  0.52597E-001  0.41670E-001  0.57306E-001  0.58814E-001
  0.18415E+002  0.52896E-001  0.41776E-001  0.58003E-001  0.58910E-001
  0.18450E+002  0.53142E-001  0.41908E-001  0.58605E-001  0.58912E-001
  0.18485E+002  0.53337E-001  0.42077E-001  0.59098E-001  0.58836E-001
  0.18520E+002  0.53484E-001  0.42286E-001  0.59468E-001  0.58698E-001
  0.18555E+002  0.53583E-001  0.42529E-001  0.59707E-001  0.58514E-001
  0.18590E+002  0.53636E-001  0.42793E-001  0.59815E-001  0.58301E-001
  0.18625E+002  0.53642E-001  0.43057E-001  0.59799E-001  0.58071E-001
  0.18660E+002  0.53603E-001  0.43297E-001  0.59674E-001  0.57837E-001
  0.18695E+002  0.53520E-001  0.43490E-001  0.59463E-001  0.57607E-001
  0.18730E+002  0.53400E-001  0.43614E-001  0.59197E-001  0.57389E-001
  0.18765E+002  0.53252E-001  0.43656E-001  0.58908E-001  0.57191E-001
  0.18800E+002  0.53087E-001  0.43611E-001  0.58633E-001  0.57017E-001
  0.18835E+002  0.52921E-001  0.43484E-001  0.58406E-001  0.56874E-001
  0.18870E+002  0.52770E-001  0.43288E-001  0.58257E-001  0.56764E-001
  0.18905E+002  0.52647E-001  0.43046E-001  0.58206E-001  0.56689E-001
  0.18940E+002  0.52567E-001  0.42787E-001  0.58266E-001  0.56648E-001
  0.18975E+002  0.52538E-001  0.42544E-001  0.58434E-001  0.56637E-001
  0.19010E+002  0.52565E-001  0.42348E-001  0.58694E-001  0.56653E-001
  0.19045E+002  0.52647E-001  0.42230E-001  0.59020E-001  0.56692E-001
  0.19080E+002  0.52780E-001  0.42215E-001  0.59375E-001  0.56749E-001
  0.19115E+002  0.52955E-001  0.42323E-001  0.59716E-001  0.56825E-001
  0.19150E+002  0.53165E-001  0.42565E-001  0.60007E-001  0.56922E-001
  0.19185E+002  0.53404E-001  0.42951E-001  0.60214E-001  0.57047E-001
  0.19220E+002  0.53670E-001  0.43483E-001  0.60318E-001  0.57208E-001
  0.19255E+002  0.53963E-001  0.44161E-001  0.60314E-001  0.57414E-001
  0.19290E+002  0.54289E-001  0.44982E-001  0.60212E-001  0.57674E-001
  0.19325E+002  0.54657E-001  0.45941E-001  0.60034E-001  0.57994E-001
  0.19360E+002  0.55074E-001  0.47031E-001  0.59811E-001  0.58379E-001
  0.19395E+002  0.55547E-001  0.48238E-001  0.59577E-001  0.58826E-001
  0.19430E+002  0.56081E-001  0.49547E-001  0.59365E-001  0.59331E-001
  0.19465E+002  0.56675E-001  0.50935E-001  0.59201E-001  0.59888E-001
  0.19500E+002  0.57321E-001  0.52372E-001  0.59105E-001  0.60486E-001
  0.19535E+002  0.58010E-001  0.53824E-001  0.59090E-001  0.61114E-001
  0.19570E+002  0.58727E-001  0.55256E-001  0.59164E-001  0.61762E-001
  0.19605E+002  0.59459E-001  0.56630E-001  0.59330E-001  0.62418E-001
  0.19640E+002  0.60192E-001  0.57913E-001  0.59589E-001  0.63075E-001
  0.19675E+002  0.60914E-001  0.59078E-001  0.59939E-001  0.63725E-001
  0.19710E+002  0.61616E-001  0.60108E-001  0.60378E-001  0.64362E-001
  0.19745E+002  0.62293E-001  0.60995E-001  0.60900E-001  0.64983E-001
  0.19780E+002  0.62939E-001  0.61743E-001  0.61492E-001  0.65581E-001
  0.19815E+002  0.63549E-001  0.62363E-001  0.62134E-001  0.66150E-001
  0.19850E+002  0.64119E-001  0.62875E-001  0.62800E-001  0.66682E-001
  0.19885E+002  0.64641E-001  0.63301E-001  0.63455E-001  0.67167E-001
  0.19920E+002  0.65108E-001  0.63668E-001  0.64063E-001  0.67594E-001
  0.19955E+002  0.65514E-001  0.63997E-001  0.64590E-001  0.67954E-001
  0.19990E+002  0.65852E-001  0.64312E-001  0.65005E-001  0.68238E-001
  0.20025E+002  0.66120E-001  0.64628E-001  0.65288E-001  0.68444E-001
  0.20060E+002  0.66320E-001  0.64957E-001  0.65434E-001  0.68570E-001
  0.20095E+002  0.66459E-001  0.65306E-001  0.65450E-001  0.68620E-001
  0.20130E+002  0.66543E-001  0.65672E-001  0.65354E-001  0.68602E-001
  0.20165E+002  0.66583E-001  0.66047E-001  0.65177E-001  0.68526E-001
  0.20200E+002  0.66591E-001  0.66416E-001  0.64952E-001  0.68404E-001
  0.20235E+002  0.66572E-001  0.66754E-001  0.64716E-001  0.68247E-001
  0.20270E+002  0.66534E-001  0.67035E-001  0.64499E-001  0.68068E-001
  0.20305E+002  0.66476E-001  0.67229E-001  0.64323E-001  0.67876E-001
  0.20340E+002  0.66396E-001  0.67307E-001  0.64200E-001  0.67680E-001
  0.20375E+002  0.66286E-001  0.67243E-001  0.64129E-001  0.67485E-001
  0.20410E+002  0.66135E-001  0.67020E-001  0.64096E-001  0.67289E-001
  0.20445E+002  0.65930E-001  0.66627E-001  0.64077E-001  0.67087E-001
  0.20480E+002  0.65659E-001  0.66069E-001  0.64041E-001  0.66868E-001
  0.20515E+002  0.65311E-001  0.65358E-001  0.63956E-001  0.66618E-001
  0.20550E+002  0.64877E-001  0.64519E-001  0.63793E-001  0.66320E-001
  0.20585E+002  0.64360E-001  0.63585E-001  0.63535E-001  0.65960E-001
  0.20620E+002  0.63767E-001  0.62599E-001  0.63175E-001  0.65527E-001
  0.20655E+002  0.63114E-001  0.61604E-001  0.62723E-001  0.65016E-001
  0.20690E+002  0.62427E-001  0.60646E-001  0.62203E-001  0.64431E-001
  0.20725E+002  0.61733E-001  0.59769E-001  0.61651E-001  0.63780E-001
  0.20760E+002  0.61064E-001  0.59007E-001  0.61108E-001  0.63078E-001
  0.20795E+002  0.60447E-001  0.58388E-001  0.60613E-001  0.62341E-001
  0.20830E+002  0.59904E-001  0.57927E-001  0.60200E-001  0.61585E-001
  0.20865E+002  0.59447E-001  0.57628E-001  0.59891E-001  0.60822E-001
  0.20900E+002  0.59079E-001  0.57483E-001  0.59693E-001  0.60062E-001
  0.20935E+002  0.58794E-001  0.57477E-001  0.59597E-001  0.59309E-001
  0.20970E+002  0.58578E-001  0.57583E-001  0.59583E-001  0.58569E-001
  0.21005E+002  0.58413E-001  0.57773E-001  0.59617E-001  0.57848E-001
  0.21040E+002  0.58277E-001  0.58015E-001  0.59660E-001  0.57156E-001
  0.21075E+002  0.58150E-001  0.58274E-001  0.59669E-001  0.56507E-001
  0.21110E+002  0.58015E-001  0.58517E-001  0.59605E-001  0.55922E-001
  0.21145E+002  0.57856E-001  0.58712E-001  0.59433E-001  0.55423E-001
  0.21180E+002  0.57663E-001  0.58830E-001  0.59126E-001  0.55032E-001
  0.21215E+002  0.57427E-001  0.58844E-001  0.58669E-001  0.54769E-001
  0.21250E+002  0.57146E-001  0.58736E-001  0.58056E-001  0.54646E-001
  0.21285E+002  0.56817E-001  0.58492E-001  0.57295E-001  0.54665E-001
  0.21320E+002  0.56442E-001  0.58109E-001  0.56400E-001  0.54816E-001
  0.21355E+002  0.56023E-001  0.57593E-001  0.55396E-001  0.55080E-001
  0.21390E+002  0.55566E-001  0.56961E-001  0.54313E-001  0.55423E-001
  0.21425E+002  0.55077E-001  0.56236E-001  0.53186E-001  0.55808E-001
  0.21460E+002  0.54563E-001  0.55450E-001  0.52049E-001  0.56190E-001
  0.21495E+002  0.54032E-001  0.54635E-001  0.50935E-001  0.56526E-001
  0.21530E+002  0.53490E-001  0.53822E-001  0.49873E-001  0.56773E-001
  0.21565E+002  0.52942E-001  0.53038E-001  0.48887E-001  0.56900E-001
  0.21600E+002  0.52392E-001  0.52302E-001  0.47993E-001  0.56880E-001
  0.21635E+002  0.51842E-001  0.51624E-001  0.47200E-001  0.56703E-001
  0.21670E+002  0.51296E-001  0.51009E-001  0.46510E-001  0.56369E-001
  0.21705E+002  0.50756E-001  0.50451E-001  0.45921E-001  0.55895E-001
  0.21740E+002  0.50226E-001  0.49944E-001  0.45427E-001  0.55308E-001
  0.21775E+002  0.49716E-001  0.49480E-001  0.45022E-001  0.54644E-001
  0.21810E+002  0.49235E-001  0.49054E-001  0.44702E-001  0.53947E-001
  0.21845E+002  0.48797E-001  0.48664E-001  0.44466E-001  0.53262E-001
  0.21880E+002  0.48418E-001  0.48311E-001  0.44313E-001  0.52630E-001
  0.21915E+002  0.48113E-001  0.48005E-001  0.44249E-001  0.52086E-001
  0.21950E+002  0.47895E-001  0.47754E-001  0.44277E-001  0.51655E-001
  0.21985E+002  0.47774E-001  0.47568E-001  0.44401E-001  0.51352E-001
  0.22020E+002  0.47753E-001  0.47457E-001  0.44621E-001  0.51183E-001
  0.22055E+002  0.47833E-001  0.47422E-001  0.44934E-001  0.51143E-001
  0.22090E+002  0.48006E-001  0.47462E-001  0.45332E-001  0.51224E-001
  0.22125E+002  0.48262E-001  0.47565E-001  0.45806E-001  0.51415E-001
  0.22160E+002  0.48587E-001  0.47717E-001  0.46339E-001  0.51704E-001
  0.22195E+002  0.48963E-001  0.47894E-001  0.46917E-001  0.52078E-001
  0.22230E+002  0.49374E-001  0.48074E-001  0.47521E-001  0.52528E-001
  0.22265E+002  0.49802E-001  0.48233E-001  0.48131E-001  0.53043E-001
  0.22300E+002  0.50229E-001  0.48351E-001  0.48727E-001  0.53610E-001
  0.22335E+002  0.50638E-001  0.48411E-001  0.49289E-001  0.54214E-001
  0.22370E+002  0.51011E-001  0.48404E-001  0.49794E-001  0.54833E-001
  0.22405E+002  0.51332E-001  0.48327E-001  0.50225E-001  0.55444E-001
  0.22440E+002  0.51589E-001  0.48186E-001  0.50567E-001  0.56014E-001
  0.22475E+002  0.51771E-001  0.47991E-001  0.50813E-001  0.56509E-001
  0.22510E+002  0.51873E-001  0.47756E-001  0.50967E-001  0.56897E-001
  0.22545E+002  0.51896E-001  0.47501E-001  0.51043E-001  0.57142E-001
  0.22580E+002  0.51846E-001  0.47248E-001  0.51070E-001  0.57221E-001
  0.22615E+002  0.51738E-001  0.47015E-001  0.51085E-001  0.57114E-001
  0.22650E+002  0.51591E-001  0.46822E-001  0.51135E-001  0.56816E-001
  0.22685E+002  0.51429E-001  0.46683E-001  0.51267E-001  0.56338E-001
  0.22720E+002  0.51277E-001  0.46605E-001  0.51525E-001  0.55700E-001
  0.22755E+002  0.51158E-001  0.46590E-001  0.51945E-001  0.54939E-001
  0.22790E+002  0.51094E-001  0.46633E-001  0.52548E-001  0.54101E-001
  0.22825E+002  0.51099E-001  0.46722E-001  0.53339E-001  0.53235E-001
  0.22860E+002  0.51180E-001  0.46842E-001  0.54304E-001  0.52393E-001
  0.22895E+002  0.51336E-001  0.46973E-001  0.55415E-001  0.51620E-001
  0.22930E+002  0.51560E-001  0.47100E-001  0.56626E-001  0.50954E-001
  0.22965E+002  0.51838E-001  0.47207E-001  0.57888E-001  0.50420E-001
  0.23000E+002  0.52152E-001  0.47287E-001  0.59144E-001  0.50026E-001
  0.23035E+002  0.52483E-001  0.47337E-001  0.60341E-001  0.49770E-001
  0.23070E+002  0.52811E-001  0.47363E-001  0.61433E-001  0.49637E-001
  0.23105E+002  0.53123E-001  0.47377E-001  0.62387E-001  0.49605E-001
  0.23140E+002  0.53409E-001  0.47397E-001  0.63181E-001  0.49648E-001
  0.23175E+002  0.53665E-001  0.47444E-001  0.63808E-001  0.49743E-001
  0.23210E+002  0.53894E-001  0.47539E-001  0.64272E-001  0.49871E-001
  0.23245E+002  0.54104E-001  0.47703E-001  0.64588E-001  0.50021E-001
  0.23280E+002  0.54307E-001  0.47954E-001  0.64777E-001  0.50190E-001
  0.23315E+002  0.54516E-001  0.48305E-001  0.64863E-001  0.50381E-001
  0.23350E+002  0.54742E-001  0.48760E-001  0.64867E-001  0.50598E-001
  0.23385E+002  0.54992E-001  0.49319E-001  0.64808E-001  0.50847E-001
  0.23420E+002  0.55267E-001  0.49975E-001  0.64699E-001  0.51126E-001
  0.23455E+002  0.55564E-001  0.50714E-001  0.64547E-001  0.51430E-001
  0.23490E+002  0.55871E-001  0.51518E-001  0.64352E-001  0.51743E-001
  0.23525E+002  0.56173E-001  0.52365E-001  0.64111E-001  0.52043E-001
  0.23560E+002  0.56451E-001  0.53234E-001  0.63817E-001  0.52301E-001
  0.23595E+002  0.56685E-001  0.54103E-001  0.63463E-001  0.52488E-001
  0.23630E+002  0.56858E-001  0.54954E-001  0.63042E-001  0.52577E-001
  0.23665E+002  0.56956E-001  0.55770E-001  0.62549E-001  0.52548E-001
  0.23700E+002  0.56970E-001  0.56536E-001  0.61983E-001  0.52391E-001
  0.23735E+002  0.56897E-001  0.57238E-001  0.61345E-001  0.52108E-001
  0.23770E+002  0.56739E-001  0.57862E-001  0.60640E-001  0.51715E-001
  0.23805E+002  0.56503E-001  0.58394E-001  0.59877E-001  0.51237E-001
  0.23840E+002  0.56198E-001  0.58816E-001  0.59066E-001  0.50711E-001
  0.23875E+002  0.55836E-001  0.59112E-001  0.58219E-001  0.50176E-001
  0.23910E+002  0.55430E-001  0.59267E-001  0.57349E-001  0.49675E-001
  0.23945E+002  0.54993E-001  0.59268E-001  0.56468E-001  0.49243E-001
  0.23980E+002  0.54538E-001  0.59112E-001  0.55590E-001  0.48911E-001
  0.24015E+002  0.54076E-001  0.58802E-001  0.54725E-001  0.48700E-001
  0.24050E+002  0.53617E-001  0.58352E-001  0.53883E-001  0.48617E-001
  0.24085E+002  0.53172E-001  0.57785E-001  0.53071E-001  0.48658E-001
  0.24120E+002  0.52746E-001  0.57133E-001  0.52294E-001  0.48811E-001
  0.24155E+002  0.52347E-001  0.56432E-001  0.51556E-001  0.49054E-001
  0.24190E+002  0.51979E-001  0.55719E-001  0.50860E-001  0.49359E-001
  0.24225E+002  0.51646E-001  0.55031E-001  0.50208E-001  0.49699E-001
  0.24260E+002  0.51352E-001  0.54403E-001  0.49605E-001  0.50046E-001
  0.24295E+002  0.51101E-001  0.53864E-001  0.49059E-001  0.50379E-001
  0.24330E+002  0.50900E-001  0.53438E-001  0.48581E-001  0.50680E-001
  0.24365E+002  0.50755E-001  0.53143E-001  0.48186E-001  0.50937E-001
  0.24400E+002  0.50676E-001  0.52990E-001  0.47892E-001  0.51146E-001
  0.24435E+002  0.50670E-001  0.52987E-001  0.47718E-001  0.51306E-001
  0.24470E+002  0.50744E-001  0.53131E-001  0.47678E-001  0.51423E-001
  0.24505E+002  0.50900E-001  0.53416E-001  0.47783E-001  0.51501E-001
  0.24540E+002  0.51137E-001  0.53827E-001  0.48035E-001  0.51549E-001
  0.24575E+002  0.51447E-001  0.54345E-001  0.48425E-001  0.51571E-001
  0.24610E+002  0.51816E-001  0.54943E-001  0.48936E-001  0.51570E-001
  0.24645E+002  0.52226E-001  0.55592E-001  0.49541E-001  0.51546E-001
  0.24680E+002  0.52655E-001  0.56261E-001  0.50208E-001  0.51497E-001
  0.24715E+002  0.53077E-001  0.56919E-001  0.50899E-001  0.51414E-001
  0.24750E+002  0.53468E-001  0.57535E-001  0.51579E-001  0.51291E-001
  0.24785E+002  0.53804E-001  0.58083E-001  0.52213E-001  0.51117E-001
  0.24820E+002  0.54064E-001  0.58539E-001  0.52767E-001  0.50885E-001
  0.24855E+002  0.54228E-001  0.58882E-001  0.53213E-001  0.50588E-001
  0.24890E+002  0.54283E-001  0.59096E-001  0.53528E-001  0.50224E-001
  0.24925E+002  0.54218E-001  0.59167E-001  0.53692E-001  0.49795E-001
  0.24960E+002  0.54027E-001  0.59086E-001  0.53691E-001  0.49305E-001
  0.24995E+002  0.53711E-001  0.58847E-001  0.53520E-001  0.48766E-001
  0.25030E+002  0.53272E-001  0.58451E-001  0.53178E-001  0.48187E-001
  0.25065E+002  0.52721E-001  0.57904E-001  0.52676E-001  0.47584E-001
  0.25100E+002  0.52074E-001  0.57223E-001  0.52029E-001  0.46969E-001
  0.25135E+002  0.51349E-001  0.56428E-001  0.51264E-001  0.46356E-001
  0.25170E+002  0.50573E-001  0.55548E-001  0.50411E-001  0.45759E-001
  0.25205E+002  0.49770E-001  0.54615E-001  0.49505E-001  0.45190E-001
  0.25240E+002  0.48968E-001  0.53662E-001  0.48582E-001  0.44660E-001
  0.25275E+002  0.48193E-001  0.52721E-001  0.47679E-001  0.44179E-001
  0.25310E+002  0.47468E-001  0.51819E-001  0.46829E-001  0.43756E-001
  0.25345E+002  0.46811E-001  0.50977E-001  0.46059E-001  0.43398E-001
  0.25380E+002  0.46235E-001  0.50208E-001  0.45391E-001  0.43107E-001
  0.25415E+002  0.45747E-001  0.49518E-001  0.44841E-001  0.42882E-001
  0.25450E+002  0.45346E-001  0.48907E-001  0.44417E-001  0.42715E-001
  0.25485E+002  0.45028E-001  0.48371E-001  0.44119E-001  0.42595E-001
  0.25520E+002  0.44782E-001  0.47904E-001  0.43940E-001  0.42503E-001
  0.25555E+002  0.44595E-001  0.47497E-001  0.43867E-001  0.42421E-001
  0.25590E+002  0.44450E-001  0.47143E-001  0.43881E-001  0.42327E-001
  0.25625E+002  0.44333E-001  0.46836E-001  0.43957E-001  0.42205E-001
  0.25660E+002  0.44228E-001  0.46571E-001  0.44069E-001  0.42042E-001
  0.25695E+002  0.44123E-001  0.46345E-001  0.44188E-001  0.41835E-001
  0.25730E+002  0.44010E-001  0.46156E-001  0.44285E-001  0.41588E-001
  0.25765E+002  0.43883E-001  0.46002E-001  0.44336E-001  0.41312E-001
  0.25800E+002  0.43741E-001  0.45880E-001  0.44318E-001  0.41026E-001
  0.25835E+002  0.43584E-001  0.45787E-001  0.44213E-001  0.40752E-001
  0.25870E+002  0.43413E-001  0.45717E-001  0.44011E-001  0.40512E-001
  0.25905E+002  0.43231E-001  0.45663E-001  0.43708E-001  0.40323E-001
  0.25940E+002  0.43041E-001  0.45618E-001  0.43305E-001  0.40201E-001
  0.25975E+002  0.42847E-001  0.45573E-001  0.42814E-001  0.40153E-001
  0.26010E+002  0.42651E-001  0.45523E-001  0.42253E-001  0.40177E-001
  0.26045E+002  0.42459E-001  0.45462E-001  0.41648E-001  0.40266E-001
  0.26080E+002  0.42275E-001  0.45389E-001  0.41029E-001  0.40407E-001
  0.26115E+002  0.42106E-001  0.45305E-001  0.40430E-001  0.40582E-001
  0.26150E+002  0.41957E-001  0.45216E-001  0.39886E-001  0.40769E-001
  0.26185E+002  0.41834E-001  0.45127E-001  0.39428E-001  0.40945E-001
  0.26220E+002  0.41738E-001  0.45045E-001  0.39081E-001  0.41088E-001
  0.26255E+002  0.41671E-001  0.44977E-001  0.38860E-001  0.41175E-001
  0.26290E+002  0.41627E-001  0.44924E-001  0.38769E-001  0.41186E-001
  0.26325E+002  0.41597E-001  0.44887E-001  0.38801E-001  0.41104E-001
  0.26360E+002  0.41570E-001  0.44860E-001  0.38936E-001  0.40914E-001
  0.26395E+002  0.41530E-001  0.44835E-001  0.39145E-001  0.40609E-001
  0.26430E+002  0.41458E-001  0.44797E-001  0.39391E-001  0.40187E-001
  0.26465E+002  0.41340E-001  0.44733E-001  0.39635E-001  0.39652E-001
  0.26500E+002  0.41161E-001  0.44630E-001  0.39837E-001  0.39017E-001
  0.26535E+002  0.40914E-001  0.44476E-001  0.39963E-001  0.38304E-001
  0.26570E+002  0.40597E-001  0.44266E-001  0.39986E-001  0.37539E-001
  0.26605E+002  0.40215E-001  0.44001E-001  0.39889E-001  0.36756E-001
  0.26640E+002  0.39782E-001  0.43689E-001  0.39666E-001  0.35991E-001
  0.26675E+002  0.39317E-001  0.43345E-001  0.39324E-001  0.35282E-001
  0.26710E+002  0.38842E-001  0.42986E-001  0.38878E-001  0.34662E-001
  0.26745E+002  0.38382E-001  0.42632E-001  0.38354E-001  0.34160E-001
  0.26780E+002  0.37958E-001  0.42300E-001  0.37781E-001  0.33794E-001
  0.26815E+002  0.37588E-001  0.42001E-001  0.37191E-001  0.33571E-001
  0.26850E+002  0.37281E-001  0.41739E-001  0.36617E-001  0.33487E-001
  0.26885E+002  0.37041E-001  0.41508E-001  0.36086E-001  0.33528E-001
  0.26920E+002  0.36862E-001  0.41297E-001  0.35621E-001  0.33668E-001
  0.26955E+002  0.36736E-001  0.41088E-001  0.35240E-001  0.33879E-001
  0.26990E+002  0.36648E-001  0.40861E-001  0.34954E-001  0.34128E-001
  0.27025E+002  0.36584E-001  0.40601E-001  0.34767E-001  0.34385E-001
  0.27060E+002  0.36533E-001  0.40295E-001  0.34681E-001  0.34623E-001
  0.27095E+002  0.36484E-001  0.39940E-001  0.34689E-001  0.34824E-001
  0.27130E+002  0.36433E-001  0.39540E-001  0.34785E-001  0.34973E-001
  0.27165E+002  0.36376E-001  0.39108E-001  0.34954E-001  0.35066E-001
  0.27200E+002  0.36314E-001  0.38660E-001  0.35181E-001  0.35100E-001
  0.27235E+002  0.36246E-001  0.38215E-001  0.35447E-001  0.35077E-001
  0.27270E+002  0.36173E-001  0.37794E-001  0.35726E-001  0.34999E-001
  0.27305E+002  0.36092E-001  0.37411E-001  0.35994E-001  0.34871E-001
  0.27340E+002  0.35999E-001  0.37078E-001  0.36222E-001  0.34697E-001
  0.27375E+002  0.35889E-001  0.36802E-001  0.36385E-001  0.34480E-001
  0.27410E+002  0.35758E-001  0.36587E-001  0.36460E-001  0.34227E-001
  0.27445E+002  0.35603E-001  0.36433E-001  0.36431E-001  0.33946E-001
  0.27480E+002  0.35425E-001  0.36338E-001  0.36290E-001  0.33647E-001
  0.27515E+002  0.35229E-001  0.36302E-001  0.36041E-001  0.33345E-001
  0.27550E+002  0.35025E-001  0.36325E-001  0.35697E-001  0.33053E-001
  0.27585E+002  0.34825E-001  0.36408E-001  0.35279E-001  0.32788E-001
  0.27620E+002  0.34642E-001  0.36548E-001  0.34815E-001  0.32562E-001
  0.27655E+002  0.34489E-001  0.36746E-001  0.34336E-001  0.32386E-001
  0.27690E+002  0.34376E-001  0.36995E-001  0.33873E-001  0.32261E-001
  0.27725E+002  0.34307E-001  0.37288E-001  0.33449E-001  0.32184E-001
  0.27760E+002  0.34280E-001  0.37610E-001  0.33086E-001  0.32144E-001
  0.27795E+002  0.34287E-001  0.37945E-001  0.32792E-001  0.32125E-001
  0.27830E+002  0.34317E-001  0.38274E-001  0.32570E-001  0.32106E-001
  0.27865E+002  0.34352E-001  0.38575E-001  0.32416E-001  0.32066E-001
  0.27900E+002  0.34378E-001  0.38828E-001  0.32318E-001  0.31987E-001
  0.27935E+002  0.34379E-001  0.39019E-001  0.32263E-001  0.31855E-001
  0.27970E+002  0.34347E-001  0.39136E-001  0.32237E-001  0.31667E-001
  0.28005E+002  0.34275E-001  0.39175E-001  0.32224E-001  0.31425E-001
  0.28040E+002  0.34164E-001  0.39136E-001  0.32212E-001  0.31144E-001
  0.28075E+002  0.34021E-001  0.39028E-001  0.32190E-001  0.30845E-001
  0.28110E+002  0.33854E-001  0.38860E-001  0.32148E-001  0.30554E-001
  0.28145E+002  0.33674E-001  0.38646E-001  0.32080E-001  0.30297E-001
  0.28180E+002  0.33493E-001  0.38400E-001  0.31978E-001  0.30101E-001
  0.28215E+002  0.33319E-001  0.38132E-001  0.31841E-001  0.29984E-001
  0.28250E+002  0.33158E-001  0.37851E-001  0.31663E-001  0.29961E-001
  0.28285E+002  0.33014E-001  0.37563E-001  0.31445E-001  0.30034E-001
  0.28320E+002  0.32888E-001  0.37271E-001  0.31189E-001  0.30203E-001
  0.28355E+002  0.32778E-001  0.36977E-001  0.30901E-001  0.30457E-001
  0.28390E+002  0.32686E-001  0.36682E-001  0.30591E-001  0.30784E-001
  0.28425E+002  0.32611E-001  0.36387E-001  0.30273E-001  0.31171E-001
  0.28460E+002  0.32555E-001  0.36095E-001  0.29965E-001  0.31606E-001
  0.28495E+002  0.32524E-001  0.35809E-001  0.29684E-001  0.32078E-001
  0.28530E+002  0.32520E-001  0.35531E-001  0.29451E-001  0.32579E-001
  0.28565E+002  0.32549E-001  0.35263E-001  0.29280E-001  0.33102E-001
  0.28600E+002  0.32612E-001  0.35007E-001  0.29185E-001  0.33644E-001
  0.28635E+002  0.32710E-001  0.34762E-001  0.29169E-001  0.34199E-001
  0.28670E+002  0.32838E-001  0.34523E-001  0.29232E-001  0.34760E-001
  0.28705E+002  0.32990E-001  0.34287E-001  0.29367E-001  0.35316E-001
  0.28740E+002  0.33154E-001  0.34048E-001  0.29558E-001  0.35855E-001
  0.28775E+002  0.33317E-001  0.33801E-001  0.29791E-001  0.36360E-001
  0.28810E+002  0.33467E-001  0.33542E-001  0.30046E-001  0.36813E-001
  0.28845E+002  0.33591E-001  0.33270E-001  0.30309E-001  0.37193E-001
  0.28880E+002  0.33678E-001  0.32985E-001  0.30565E-001  0.37483E-001
  0.28915E+002  0.33722E-001  0.32694E-001  0.30808E-001  0.37665E-001
  0.28950E+002  0.33720E-001  0.32400E-001  0.31034E-001  0.37727E-001
  0.28985E+002  0.33673E-001  0.32114E-001  0.31243E-001  0.37662E-001
  0.29020E+002  0.33583E-001  0.31843E-001  0.31439E-001  0.37467E-001
  0.29055E+002  0.33455E-001  0.31594E-001  0.31626E-001  0.37144E-001
  0.29090E+002  0.33293E-001  0.31372E-001  0.31806E-001  0.36703E-001
  0.29125E+002  0.33103E-001  0.31178E-001  0.31978E-001  0.36154E-001
  0.29160E+002  0.32888E-001  0.31009E-001  0.32140E-001  0.35514E-001
  0.29195E+002  0.32649E-001  0.30858E-001  0.32285E-001  0.34804E-001
  0.29230E+002  0.32389E-001  0.30715E-001  0.32406E-001  0.34046E-001
  0.29265E+002  0.32111E-001  0.30568E-001  0.32497E-001  0.33267E-001
  0.29300E+002  0.31817E-001  0.30406E-001  0.32552E-001  0.32493E-001
  0.29335E+002  0.31515E-001  0.30222E-001  0.32570E-001  0.31753E-001
  0.29370E+002  0.31212E-001  0.30013E-001  0.32550E-001  0.31071E-001
  0.29405E+002  0.30919E-001  0.29786E-001  0.32499E-001  0.30472E-001
  0.29440E+002  0.30649E-001  0.29550E-001  0.32422E-001  0.29975E-001
  0.29475E+002  0.30413E-001  0.29320E-001  0.32325E-001  0.29594E-001
  0.29510E+002  0.30222E-001  0.29114E-001  0.32215E-001  0.29338E-001
  0.29545E+002  0.30084E-001  0.28947E-001  0.32095E-001  0.29210E-001
  0.29580E+002  0.30001E-001  0.28829E-001  0.31968E-001  0.29207E-001
  0.29615E+002  0.29973E-001  0.28764E-001  0.31834E-001  0.29321E-001
  0.29650E+002  0.29993E-001  0.28748E-001  0.31692E-001  0.29541E-001
  0.29685E+002  0.30052E-001  0.28766E-001  0.31542E-001  0.29849E-001
  0.29720E+002  0.30137E-001  0.28801E-001  0.31385E-001  0.30224E-001
  0.29755E+002  0.30233E-001  0.28831E-001  0.31224E-001  0.30644E-001
  0.29790E+002  0.30327E-001  0.28835E-001  0.31064E-001  0.31082E-001
  0.29825E+002  0.30406E-001  0.28794E-001  0.30911E-001  0.31513E-001
  0.29860E+002  0.30462E-001  0.28698E-001  0.30776E-001  0.31912E-001
  0.29895E+002  0.30489E-001  0.28541E-001  0.30666E-001  0.32259E-001
  0.29930E+002  0.30485E-001  0.28328E-001  0.30593E-001  0.32535E-001
  0.29965E+002  0.30455E-001  0.28068E-001  0.30564E-001  0.32732E-001
