# 0 Applied
-0.50000E+001 2.8455e-306 0.28455E-305
-0.49650E+001 1.9522e-303 0.19522E-302
-0.49300E+001 1.2604e-300 0.12604E-299
-0.48950E+001 7.892e-298 0.78920E-297
-0.48600E+001 4.7928e-295 0.47928E-294
-0.48250E+001 2.8229e-292 0.28229E-291
-0.47900E+001 1.6126e-289 0.16126E-288
-0.47550E+001 8.9341e-287 0.89341E-286
-0.47200E+001 4.8006e-284 0.48006E-283
-0.46850E+001 2.5018e-281 0.25018E-280
-0.46500E+001 1.2645e-278 0.12645E-277
-0.46150E+001 6.1987e-276 0.61987E-275
-0.45800E+001 2.9471e-273 0.29471E-272
-0.45450E+001 1.3589e-270 0.13589E-269
-0.45100E+001 6.0773e-268 0.60773E-267
-0.44750E+001 2.636e-265 0.26360E-264
-0.44400E+001 1.1089e-262 0.11089E-261
-0.44050E+001 4.5243e-260 0.45243E-259
-0.43700E+001 1.7903e-257 0.17903E-256
-0.43350E+001 6.8708e-255 0.68708E-254
-0.43000E+001 2.5575e-252 0.25575E-251
-0.42650E+001 9.2327e-250 0.92327E-249
-0.42300E+001 3.2327e-247 0.32327E-246
-0.41950E+001 1.0978e-244 0.10978E-243
-0.41600E+001 3.6156e-242 0.36156E-241
-0.41250E+001 1.155e-239 0.11550E-238
-0.40900E+001 3.5782e-237 0.35782E-236
-0.40550E+001 1.0752e-234 0.10752E-233
-0.40200E+001 3.1334e-232 0.31334E-231
-0.39850E+001 8.8567e-230 0.88567E-229
-0.39500E+001 2.428e-227 0.24280E-226
-0.39150E+001 6.4556e-225 0.64556E-224
-0.38800E+001 1.6648e-222 0.16648E-221
-0.38450E+001 4.1637e-220 0.41637E-219
-0.38100E+001 1.01e-217 0.10100E-216
-0.37750E+001 2.3763e-215 0.23763E-214
-0.37400E+001 5.4225e-213 0.54225E-212
-0.37050E+001 1.2001e-210 0.12001E-209
-0.36700E+001 2.5761e-208 0.25761E-207
-0.36350E+001 5.3632e-206 0.53632E-205
-0.36000E+001 1.0829e-203 0.10829E-202
-0.35650E+001 2.1209e-201 0.21209E-200
-0.35300E+001 4.0286e-199 0.40286E-198
-0.34950E+001 7.4218e-197 0.74218E-196
-0.34600E+001 1.3262e-194 0.13262E-193
-0.34250E+001 2.2983e-192 0.22983E-191
-0.33900E+001 3.8632e-190 0.38632E-189
-0.33550E+001 6.2981e-188 0.62981E-187
-0.33200E+001 9.9586e-186 0.99586E-185
-0.32850E+001 1.5273e-183 0.15273E-182
-0.32500E+001 2.2718e-181 0.22718E-180
-0.32150E+001 3.2776e-179 0.32776E-178
-0.31800E+001 4.5863e-177 0.45863E-176
-0.31450E+001 6.2245e-175 0.62245E-174
-0.31100E+001 8.1937e-173 0.81937E-172
-0.30750E+001 1.0461e-170 0.10461E-169
-0.30400E+001 1.2955e-168 0.12955E-167
-0.30050E+001 1.556e-166 0.15560E-165
-0.29700E+001 1.8126e-164 0.18126E-163
-0.29350E+001 2.0481e-162 0.20481E-161
-0.29000E+001 2.2445e-160 0.22445E-159
-0.28650E+001 2.3858e-158 0.23858E-157
-0.28300E+001 2.4598e-156 0.24598E-155
-0.27950E+001 2.4597e-154 0.24597E-153
-0.27600E+001 2.3857e-152 0.23857E-151
-0.27250E+001 2.2443e-150 0.22443E-149
-0.26900E+001 2.0479e-148 0.20479E-147
-0.26550E+001 1.8124e-146 0.18124E-145
-0.26200E+001 1.5558e-144 0.15558E-143
-0.25850E+001 1.2954e-142 0.12954E-141
-0.25500E+001 1.0461e-140 0.10461E-139
-0.25150E+001 8.1942e-139 0.81942E-138
-0.24800E+001 6.2256e-137 0.62256E-136
-0.24450E+001 4.5878e-135 0.45878E-134
-0.24100E+001 3.2793e-133 0.32793E-132
-0.23750E+001 2.2735e-131 0.22735E-130
-0.23400E+001 1.5289e-129 0.15289E-128
-0.23050E+001 9.9723e-128 0.99723E-127
-0.22700E+001 6.3092e-126 0.63092E-125
-0.22350E+001 3.8717e-124 0.38717E-123
-0.22000E+001 2.3045e-122 0.23045E-121
-0.21650E+001 1.3305e-120 0.13305E-119
-0.21300E+001 7.4511e-119 0.74511E-118
-0.20950E+001 4.0474e-117 0.40474E-116
-0.20600E+001 2.1325e-115 0.21325E-114
-0.20250E+001 1.0898e-113 0.10898E-112
-0.19900E+001 5.4026e-112 0.54026E-111
-0.19550E+001 2.5977e-110 0.25977E-109
-0.19200E+001 1.2116e-108 0.12116E-107
-0.18850E+001 5.4813e-107 0.54813E-106
-0.18500E+001 2.4054e-105 0.24054E-104
-0.18150E+001 1.0239e-103 0.10239E-102
-0.17800E+001 4.2274e-102 0.42274E-101
-0.17450E+001 1.6931e-100 0.16931E-099
-0.17100E+001 6.5774e-99 0.65774E-098
-0.16750E+001 2.4786e-97 0.24786E-096
-0.16400E+001 9.0599e-96 0.90599E-095
-0.16050E+001 3.2123e-94 0.32123E-093
-0.15700E+001 1.1048e-92 0.11048E-091
-0.15350E+001 3.686e-91 0.36860E-090
-0.15000E+001 1.1929e-89 0.11929E-088
-0.14650E+001 3.7447e-88 0.37447E-087
-0.14300E+001 1.1403e-86 0.11403E-085
-0.13950E+001 3.3683e-85 0.33683E-084
-0.13600E+001 9.6513e-84 0.96513E-083
-0.13250E+001 2.6826e-82 0.26826E-081
-0.12900E+001 7.2328e-81 0.72328E-080
-0.12550E+001 1.8917e-79 0.18917E-078
-0.12200E+001 4.7996e-78 0.47996E-077
-0.11850E+001 1.1813e-76 0.11813E-075
-0.11500E+001 2.8202e-75 0.28202E-074
-0.11150E+001 6.5317e-74 0.65317E-073
-0.10800E+001 1.4675e-72 0.14675E-071
-0.10450E+001 3.1982e-71 0.31982E-070
-0.10100E+001 6.7618e-70 0.67618E-069
-0.97500E+000 1.3868e-68 0.13868E-067
-0.94000E+000 2.7593e-67 0.27593E-066
-0.90500E+000 5.3257e-66 0.53257E-065
-0.87000E+000 9.9717e-65 0.99717E-064
-0.83500E+000 1.8113e-63 0.18113E-062
-0.80000E+000 3.1917e-62 0.31917E-061
-0.76500E+000 5.456e-61 0.54560E-060
-0.73000E+000 9.0479e-60 0.90479E-059
-0.69500E+000 1.4556e-58 0.14556E-057
-0.66000E+000 2.2719e-57 0.22719E-056
-0.62500E+000 3.4399e-56 0.34399E-055
-0.59000E+000 5.053e-55 0.50530E-054
-0.55500E+000 7.2008e-54 0.72008E-053
-0.52000E+000 9.9554e-53 0.99554E-052
-0.48500E+000 1.3353e-51 0.13353E-050
-0.45000E+000 1.7375e-50 0.17375E-049
-0.41500E+000 2.1935e-49 0.21935E-048
-0.38000E+000 2.6866e-48 0.26866E-047
-0.34500E+000 3.1924e-47 0.31924E-046
-0.31000E+000 3.6804e-46 0.36804E-045
-0.27500E+000 4.1165e-45 0.41165E-044
-0.24000E+000 4.4671e-44 0.44671E-043
-0.20500E+000 4.7032e-43 0.47032E-042
-0.17000E+000 4.8044e-42 0.48044E-041
-0.13500E+000 4.7616e-41 0.47616E-040
-0.10000E+000 4.5787e-40 0.45787E-039
-0.65000E-001 4.2719e-39 0.42719E-038
-0.30000E-001 3.8671e-38 0.38671E-037
0.50000E-002 3.3966e-37 0.33966E-036
0.40000E-001 2.8946e-36 0.28946E-035
0.75000E-001 2.3936e-35 0.23936E-034
0.11000E+000 1.9204e-34 0.19204E-033
0.14500E+000 1.4951e-33 0.14951E-032
0.18000E+000 1.1294e-32 0.11294E-031
0.21500E+000 8.2786e-32 0.82786E-031
0.25000E+000 5.8883e-31 0.58883E-030
0.28500E+000 4.064e-30 0.40640E-029
0.32000E+000 2.7217e-29 0.27217E-028
0.35500E+000 1.7688e-28 0.17688E-027
0.39000E+000 1.1155e-27 0.11155E-026
0.42500E+000 6.8269e-27 0.68269E-026
0.46000E+000 4.0545e-26 0.40545E-025
0.49500E+000 2.3367e-25 0.23367E-024
0.53000E+000 1.307e-24 0.13070E-023
0.56500E+000 7.0942e-24 0.70942E-023
0.60000E+000 3.737e-23 0.37370E-022
0.63500E+000 1.9105e-22 0.19105E-021
0.67000E+000 9.4795e-22 0.94795E-021
0.70500E+000 4.5649e-21 0.45649E-020
0.74000E+000 2.1336e-20 0.21336E-019
0.77500E+000 9.6786e-20 0.96786E-019
0.81000E+000 4.2614e-19 0.42614E-018
0.84500E+000 1.8212e-18 0.18212E-017
0.88000E+000 7.5546e-18 0.75546E-017
0.91500E+000 3.0419e-17 0.30419E-016
0.95000E+000 1.1889e-16 0.11889E-015
0.98500E+000 4.5108e-16 0.45108E-015
0.10200E+001 1.6613e-15 0.16613E-014
0.10550E+001 5.9398e-15 0.59398E-014
0.10900E+001 2.0616e-14 0.20616E-013
0.11250E+001 6.9469e-14 0.69469E-013
0.11600E+001 2.2726e-13 0.22726E-012
0.11950E+001 7.2177e-13 0.72177E-012
0.12300E+001 2.2257e-12 0.22257E-011
0.12650E+001 6.6635e-12 0.66635E-011
0.13000E+001 1.9371e-11 0.19371E-010
0.13350E+001 5.4676e-11 0.54676E-010
0.13700E+001 1.4985e-10 0.14985E-009
0.14050E+001 3.9882e-10 0.39882E-009
0.14400E+001 1.0307e-09 0.10307E-008
0.14750E+001 2.5868e-09 0.25868E-008
0.15100E+001 6.3046e-09 0.63046E-008
0.15450E+001 1.4923e-08 0.14923E-007
0.15800E+001 3.4303e-08 0.34303E-007
0.16150E+001 7.6583e-08 0.76583E-007
0.16500E+001 1.6606e-07 0.16606E-006
0.16850E+001 3.4973e-07 0.34973E-006
0.17200E+001 7.154e-07 0.71540E-006
0.17550E+001 1.4215e-06 0.14215E-005
0.17900E+001 2.7434e-06 0.27434E-005
0.18250E+001 5.1433e-06 0.51433E-005
0.18600E+001 9.3666e-06 0.93666E-005
0.18950E+001 1.657e-05 0.16570E-004
0.19300E+001 2.8478e-05 0.28478E-004
0.19650E+001 4.7544e-05 0.47544E-004
0.20000E+001 7.7114e-05 0.77114E-004
0.20350E+001 0.00012151 0.12151E-003
0.20700E+001 0.00018601 0.18601E-003
0.21050E+001 0.00027664 0.27664E-003
0.21400E+001 0.00039973 0.39973E-003
0.21750E+001 0.00056116 0.56116E-003
0.22100E+001 0.00076539 0.76539E-003
0.22450E+001 0.0010143 0.10143E-002
0.22800E+001 0.0013059 0.13059E-002
0.23150E+001 0.0016336 0.16336E-002
0.23500E+001 0.0019855 0.19855E-002
0.23850E+001 0.0023446 0.23446E-002
0.24200E+001 0.0026901 0.26901E-002
0.24550E+001 0.0029988 0.29988E-002
0.24900E+001 0.0032481 0.32481E-002
0.25250E+001 0.0034182 0.34182E-002
0.25600E+001 0.0034953 0.34953E-002
0.25950E+001 0.0034732 0.34732E-002
0.26300E+001 0.0033543 0.33543E-002
0.26650E+001 0.0031498 0.31498E-002
0.27000E+001 0.0028781 0.28781E-002
0.27350E+001 0.0025634 0.25634E-002
0.27700E+001 0.0022329 0.22329E-002
0.28050E+001 0.0019151 0.19151E-002
0.28400E+001 0.0016381 0.16381E-002
0.28750E+001 0.0014288 0.14288E-002
0.29100E+001 0.0013128 0.13128E-002
0.29450E+001 0.001315 0.13150E-002
0.29800E+001 0.00146 0.14600E-002
0.30150E+001 0.0017729 0.17729E-002
0.30500E+001 0.002278 0.22780E-002
0.30850E+001 0.0029983 0.29983E-002
0.31200E+001 0.0039522 0.39522E-002
0.31550E+001 0.0051511 0.51511E-002
0.31900E+001 0.0065952 0.65952E-002
0.32250E+001 0.0082705 0.82705E-002
0.32600E+001 0.010147 0.10147E-001
0.32950E+001 0.012179 0.12179E-001
0.33300E+001 0.014303 0.14303E-001
0.33650E+001 0.016448 0.16448E-001
0.34000E+001 0.018532 0.18532E-001
0.34350E+001 0.020474 0.20474E-001
0.34700E+001 0.022199 0.22199E-001
0.35050E+001 0.02364 0.23640E-001
0.35400E+001 0.024744 0.24744E-001
0.35750E+001 0.025472 0.25472E-001
0.36100E+001 0.025804 0.25804E-001
0.36450E+001 0.025736 0.25736E-001
0.36800E+001 0.025276 0.25276E-001
0.37150E+001 0.024451 0.24451E-001
0.37500E+001 0.023296 0.23296E-001
0.37850E+001 0.021864 0.21864E-001
0.38200E+001 0.020215 0.20215E-001
0.38550E+001 0.018422 0.18422E-001
0.38900E+001 0.016563 0.16563E-001
0.39250E+001 0.014722 0.14722E-001
0.39600E+001 0.012982 0.12982E-001
0.39950E+001 0.011419 0.11419E-001
0.40300E+001 0.010098 0.10098E-001
0.40650E+001 0.0090684 0.90684E-002
0.41000E+001 0.0083606 0.83606E-002
0.41350E+001 0.007983 0.79830E-002
0.41700E+001 0.0079231 0.79231E-002
0.42050E+001 0.008149 0.81490E-002
0.42400E+001 0.0086123 0.86123E-002
0.42750E+001 0.0092523 0.92523E-002
0.43100E+001 0.010001 0.10001E-001
0.43450E+001 0.010786 0.10786E-001
0.43800E+001 0.011541 0.11541E-001
0.44150E+001 0.012203 0.12203E-001
0.44500E+001 0.012724 0.12724E-001
0.44850E+001 0.013067 0.13067E-001
0.45200E+001 0.013219 0.13219E-001
0.45550E+001 0.01318 0.13180E-001
0.45900E+001 0.012972 0.12972E-001
0.46250E+001 0.012629 0.12629E-001
0.46600E+001 0.012199 0.12199E-001
0.46950E+001 0.011731 0.11731E-001
0.47300E+001 0.011275 0.11275E-001
0.47650E+001 0.010874 0.10874E-001
0.48000E+001 0.010561 0.10561E-001
0.48350E+001 0.010355 0.10355E-001
0.48700E+001 0.010261 0.10261E-001
0.49050E+001 0.010271 0.10271E-001
0.49400E+001 0.01037 0.10370E-001
0.49750E+001 0.010532 0.10532E-001
0.50100E+001 0.010729 0.10729E-001
0.50450E+001 0.010933 0.10933E-001
0.50800E+001 0.011118 0.11118E-001
0.51150E+001 0.011263 0.11263E-001
0.51500E+001 0.011356 0.11356E-001
0.51850E+001 0.011393 0.11393E-001
0.52200E+001 0.011379 0.11379E-001
0.52550E+001 0.011328 0.11328E-001
0.52900E+001 0.011261 0.11261E-001
0.53250E+001 0.011201 0.11201E-001
0.53600E+001 0.011176 0.11176E-001
0.53950E+001 0.011207 0.11207E-001
0.54300E+001 0.011316 0.11316E-001
0.54650E+001 0.011515 0.11515E-001
0.55000E+001 0.01181 0.11810E-001
0.55350E+001 0.012205 0.12205E-001
0.55700E+001 0.012694 0.12694E-001
0.56050E+001 0.013271 0.13271E-001
0.56400E+001 0.013925 0.13925E-001
0.56750E+001 0.014643 0.14643E-001
0.57100E+001 0.015411 0.15411E-001
0.57450E+001 0.016216 0.16216E-001
0.57800E+001 0.017038 0.17038E-001
0.58150E+001 0.017861 0.17861E-001
0.58500E+001 0.018665 0.18665E-001
0.58850E+001 0.019429 0.19429E-001
0.59200E+001 0.020131 0.20131E-001
0.59550E+001 0.020753 0.20753E-001
0.59900E+001 0.021274 0.21274E-001
0.60250E+001 0.021679 0.21679E-001
0.60600E+001 0.021955 0.21955E-001
0.60950E+001 0.022095 0.22095E-001
0.61300E+001 0.022096 0.22096E-001
0.61650E+001 0.021962 0.21962E-001
0.62000E+001 0.021702 0.21702E-001
0.62350E+001 0.021332 0.21332E-001
0.62700E+001 0.020871 0.20871E-001
0.63050E+001 0.020345 0.20345E-001
0.63400E+001 0.019779 0.19779E-001
0.63750E+001 0.019199 0.19199E-001
0.64100E+001 0.018631 0.18631E-001
0.64450E+001 0.018095 0.18095E-001
0.64800E+001 0.017605 0.17605E-001
0.65150E+001 0.017167 0.17167E-001
0.65500E+001 0.016779 0.16779E-001
0.65850E+001 0.016432 0.16432E-001
0.66200E+001 0.016108 0.16108E-001
0.66550E+001 0.015787 0.15787E-001
0.66900E+001 0.015449 0.15449E-001
0.67250E+001 0.015076 0.15076E-001
0.67600E+001 0.014657 0.14657E-001
0.67950E+001 0.014189 0.14189E-001
0.68300E+001 0.013675 0.13675E-001
0.68650E+001 0.013127 0.13127E-001
0.69000E+001 0.012561 0.12561E-001
0.69350E+001 0.011996 0.11996E-001
0.69700E+001 0.011451 0.11451E-001
0.70050E+001 0.010941 0.10941E-001
0.70400E+001 0.010478 0.10478E-001
0.70750E+001 0.010068 0.10068E-001
0.71100E+001 0.0097137 0.97137E-002
0.71450E+001 0.0094144 0.94144E-002
0.71800E+001 0.0091659 0.91659E-002
0.72150E+001 0.0089624 0.89624E-002
0.72500E+001 0.0087977 0.87977E-002
0.72850E+001 0.0086654 0.86654E-002
0.73200E+001 0.0085593 0.85593E-002
0.73550E+001 0.0084738 0.84738E-002
0.73900E+001 0.0084037 0.84037E-002
0.74250E+001 0.0083446 0.83446E-002
0.74600E+001 0.0082926 0.82926E-002
0.74950E+001 0.0082449 0.82449E-002
0.75300E+001 0.0081996 0.81996E-002
0.75650E+001 0.0081559 0.81559E-002
0.76000E+001 0.0081138 0.81138E-002
0.76350E+001 0.0080739 0.80739E-002
0.76700E+001 0.008037 0.80370E-002
0.77050E+001 0.0080036 0.80036E-002
0.77400E+001 0.0079736 0.79736E-002
0.77750E+001 0.0079461 0.79461E-002
0.78100E+001 0.0079193 0.79193E-002
0.78450E+001 0.007891 0.78910E-002
0.78800E+001 0.007859 0.78590E-002
0.79150E+001 0.0078209 0.78209E-002
0.79500E+001 0.0077751 0.77751E-002
0.79850E+001 0.0077203 0.77203E-002
0.80200E+001 0.0076562 0.76562E-002
0.80550E+001 0.0075826 0.75826E-002
0.80900E+001 0.0075001 0.75001E-002
0.81250E+001 0.0074099 0.74099E-002
0.81600E+001 0.0073137 0.73137E-002
0.81950E+001 0.0072141 0.72141E-002
0.82300E+001 0.0071145 0.71145E-002
0.82650E+001 0.0070189 0.70189E-002
0.83000E+001 0.0069321 0.69321E-002
0.83350E+001 0.0068589 0.68589E-002
0.83700E+001 0.0068036 0.68036E-002
0.84050E+001 0.0067702 0.67702E-002
0.84400E+001 0.0067614 0.67614E-002
0.84750E+001 0.0067786 0.67786E-002
0.85100E+001 0.0068218 0.68218E-002
0.85450E+001 0.0068898 0.68898E-002
0.85800E+001 0.0069796 0.69796E-002
0.86150E+001 0.0070873 0.70873E-002
0.86500E+001 0.0072076 0.72076E-002
0.86850E+001 0.0073341 0.73341E-002
0.87200E+001 0.0074595 0.74595E-002
0.87550E+001 0.0075763 0.75763E-002
0.87900E+001 0.0076767 0.76767E-002
0.88250E+001 0.0077537 0.77537E-002
0.88600E+001 0.0078018 0.78018E-002
0.88950E+001 0.0078174 0.78174E-002
0.89300E+001 0.0077994 0.77994E-002
0.89650E+001 0.0077495 0.77495E-002
0.90000E+001 0.0076717 0.76717E-002
0.90350E+001 0.0075725 0.75725E-002
0.90700E+001 0.0074597 0.74597E-002
0.91050E+001 0.0073417 0.73417E-002
0.91400E+001 0.007227 0.72270E-002
0.91750E+001 0.0071234 0.71234E-002
0.92100E+001 0.0070373 0.70373E-002
0.92450E+001 0.0069732 0.69732E-002
0.92800E+001 0.0069341 0.69341E-002
0.93150E+001 0.0069208 0.69208E-002
0.93500E+001 0.0069321 0.69321E-002
0.93850E+001 0.0069651 0.69651E-002
0.94200E+001 0.0070153 0.70153E-002
0.94550E+001 0.0070769 0.70769E-002
0.94900E+001 0.0071434 0.71434E-002
0.95250E+001 0.0072081 0.72081E-002
0.95600E+001 0.0072647 0.72647E-002
0.95950E+001 0.0073078 0.73078E-002
0.96300E+001 0.0073334 0.73334E-002
0.96650E+001 0.007339 0.73390E-002
0.97000E+001 0.0073239 0.73239E-002
0.97350E+001 0.0072888 0.72888E-002
0.97700E+001 0.0072357 0.72357E-002
0.98050E+001 0.0071675 0.71675E-002
0.98400E+001 0.0070873 0.70873E-002
0.98750E+001 0.0069986 0.69986E-002
0.99100E+001 0.0069045 0.69045E-002
0.99450E+001 0.0068079 0.68079E-002
0.99800E+001 0.0067108 0.67108E-002
0.10015E+002 0.0066148 0.66148E-002
0.10050E+002 0.006521 0.65210E-002
0.10085E+002 0.0064296 0.64296E-002
0.10120E+002 0.0063407 0.63407E-002
0.10155E+002 0.0062544 0.62544E-002
0.10190E+002 0.006171 0.61710E-002
0.10225E+002 0.0060911 0.60911E-002
0.10260E+002 0.0060161 0.60161E-002
0.10295E+002 0.0059483 0.59483E-002
0.10330E+002 0.0058903 0.58903E-002
0.10365E+002 0.005845 0.58450E-002
0.10400E+002 0.0058153 0.58153E-002
0.10435E+002 0.0058032 0.58032E-002
0.10470E+002 0.0058095 0.58095E-002
0.10505E+002 0.0058337 0.58337E-002
0.10540E+002 0.0058738 0.58738E-002
0.10575E+002 0.0059262 0.59262E-002
0.10610E+002 0.0059867 0.59867E-002
0.10645E+002 0.0060508 0.60508E-002
0.10680E+002 0.0061141 0.61141E-002
0.10715E+002 0.0061732 0.61732E-002
0.10750E+002 0.0062257 0.62257E-002
0.10785E+002 0.0062706 0.62706E-002
0.10820E+002 0.0063079 0.63079E-002
0.10855E+002 0.0063387 0.63387E-002
0.10890E+002 0.0063648 0.63648E-002
0.10925E+002 0.0063883 0.63883E-002
0.10960E+002 0.0064116 0.64116E-002
0.10995E+002 0.0064373 0.64373E-002
0.11030E+002 0.0064679 0.64679E-002
0.11065E+002 0.0065056 0.65056E-002
0.11100E+002 0.0065525 0.65525E-002
0.11135E+002 0.0066098 0.66098E-002
0.11170E+002 0.006678 0.66780E-002
0.11205E+002 0.0067562 0.67562E-002
0.11240E+002 0.0068424 0.68424E-002
0.11275E+002 0.0069334 0.69334E-002
0.11310E+002 0.0070247 0.70247E-002
0.11345E+002 0.0071118 0.71118E-002
0.11380E+002 0.00719 0.71900E-002
0.11415E+002 0.0072554 0.72554E-002
0.11450E+002 0.0073055 0.73055E-002
0.11485E+002 0.007339 0.73390E-002
0.11520E+002 0.0073562 0.73562E-002
0.11555E+002 0.0073585 0.73585E-002
0.11590E+002 0.0073477 0.73477E-002
0.11625E+002 0.007326 0.73260E-002
0.11660E+002 0.0072953 0.72953E-002
0.11695E+002 0.0072571 0.72571E-002
0.11730E+002 0.0072125 0.72125E-002
0.11765E+002 0.0071625 0.71625E-002
0.11800E+002 0.0071081 0.71081E-002
0.11835E+002 0.0070509 0.70509E-002
0.11870E+002 0.0069929 0.69929E-002
0.11905E+002 0.0069363 0.69363E-002
0.11940E+002 0.0068833 0.68833E-002
0.11975E+002 0.0068355 0.68355E-002
0.12010E+002 0.0067937 0.67937E-002
0.12045E+002 0.0067573 0.67573E-002
0.12080E+002 0.0067247 0.67247E-002
0.12115E+002 0.0066932 0.66932E-002
0.12150E+002 0.0066598 0.66598E-002
0.12185E+002 0.0066215 0.66215E-002
0.12220E+002 0.0065762 0.65762E-002
0.12255E+002 0.0065227 0.65227E-002
0.12290E+002 0.0064617 0.64617E-002
0.12325E+002 0.0063949 0.63949E-002
0.12360E+002 0.0063257 0.63257E-002
0.12395E+002 0.006258 0.62580E-002
0.12430E+002 0.0061957 0.61957E-002
0.12465E+002 0.0061424 0.61424E-002
0.12500E+002 0.0061004 0.61004E-002
0.12535E+002 0.0060706 0.60706E-002
0.12570E+002 0.0060524 0.60524E-002
0.12605E+002 0.0060435 0.60435E-002
0.12640E+002 0.0060405 0.60405E-002
0.12675E+002 0.0060392 0.60392E-002
0.12710E+002 0.0060353 0.60353E-002
0.12745E+002 0.0060244 0.60244E-002
0.12780E+002 0.0060029 0.60029E-002
0.12815E+002 0.0059679 0.59679E-002
0.12850E+002 0.0059176 0.59176E-002
0.12885E+002 0.0058514 0.58514E-002
0.12920E+002 0.0057698 0.57698E-002
0.12955E+002 0.005675 0.56750E-002
0.12990E+002 0.0055701 0.55701E-002
0.13025E+002 0.0054595 0.54595E-002
0.13060E+002 0.0053486 0.53486E-002
0.13095E+002 0.0052431 0.52431E-002
0.13130E+002 0.005149 0.51490E-002
0.13165E+002 0.0050718 0.50718E-002
0.13200E+002 0.0050163 0.50163E-002
0.13235E+002 0.0049861 0.49861E-002
0.13270E+002 0.0049836 0.49836E-002
0.13305E+002 0.0050098 0.50098E-002
0.13340E+002 0.0050641 0.50641E-002
0.13375E+002 0.0051445 0.51445E-002
0.13410E+002 0.0052476 0.52476E-002
0.13445E+002 0.0053686 0.53686E-002
0.13480E+002 0.0055016 0.55016E-002
0.13515E+002 0.0056395 0.56395E-002
0.13550E+002 0.0057748 0.57748E-002
0.13585E+002 0.0059 0.59000E-002
0.13620E+002 0.0060082 0.60082E-002
0.13655E+002 0.0060934 0.60934E-002
0.13690E+002 0.0061516 0.61516E-002
0.13725E+002 0.0061807 0.61807E-002
0.13760E+002 0.0061805 0.61805E-002
0.13795E+002 0.0061527 0.61527E-002
0.13830E+002 0.0061005 0.61005E-002
0.13865E+002 0.006028 0.60280E-002
0.13900E+002 0.0059401 0.59401E-002
0.13935E+002 0.0058416 0.58416E-002
0.13970E+002 0.0057376 0.57376E-002
0.14005E+002 0.0056327 0.56327E-002
0.14040E+002 0.0055314 0.55314E-002
0.14075E+002 0.0054377 0.54377E-002
0.14110E+002 0.0053554 0.53554E-002
0.14145E+002 0.0052878 0.52878E-002
0.14180E+002 0.0052375 0.52375E-002
0.14215E+002 0.0052064 0.52064E-002
0.14250E+002 0.0051953 0.51953E-002
0.14285E+002 0.0052042 0.52042E-002
0.14320E+002 0.0052318 0.52318E-002
0.14355E+002 0.0052757 0.52757E-002
0.14390E+002 0.0053327 0.53327E-002
0.14425E+002 0.005399 0.53990E-002
0.14460E+002 0.0054703 0.54703E-002
0.14495E+002 0.0055423 0.55423E-002
0.14530E+002 0.0056107 0.56107E-002
0.14565E+002 0.0056719 0.56719E-002
0.14600E+002 0.0057225 0.57225E-002
0.14635E+002 0.0057599 0.57599E-002
0.14670E+002 0.0057819 0.57819E-002
0.14705E+002 0.0057874 0.57874E-002
0.14740E+002 0.0057756 0.57756E-002
0.14775E+002 0.0057466 0.57466E-002
0.14810E+002 0.0057011 0.57011E-002
0.14845E+002 0.0056405 0.56405E-002
0.14880E+002 0.005567 0.55670E-002
0.14915E+002 0.0054834 0.54834E-002
0.14950E+002 0.0053932 0.53932E-002
0.14985E+002 0.0053001 0.53001E-002
0.15020E+002 0.0052085 0.52085E-002
0.15055E+002 0.0051225 0.51225E-002
0.15090E+002 0.0050458 0.50458E-002
0.15125E+002 0.0049817 0.49817E-002
0.15160E+002 0.0049324 0.49324E-002
0.15195E+002 0.0048993 0.48993E-002
0.15230E+002 0.0048825 0.48825E-002
0.15265E+002 0.0048816 0.48816E-002
0.15300E+002 0.0048952 0.48952E-002
0.15335E+002 0.0049212 0.49212E-002
0.15370E+002 0.0049576 0.49576E-002
0.15405E+002 0.005002 0.50020E-002
0.15440E+002 0.0050519 0.50519E-002
0.15475E+002 0.005105 0.51050E-002
0.15510E+002 0.0051592 0.51592E-002
0.15545E+002 0.0052128 0.52128E-002
0.15580E+002 0.0052645 0.52645E-002
0.15615E+002 0.0053139 0.53139E-002
0.15650E+002 0.0053611 0.53611E-002
0.15685E+002 0.0054072 0.54072E-002
0.15720E+002 0.0054536 0.54536E-002
0.15755E+002 0.0055019 0.55019E-002
0.15790E+002 0.0055532 0.55532E-002
0.15825E+002 0.0056077 0.56077E-002
0.15860E+002 0.0056642 0.56642E-002
0.15895E+002 0.0057203 0.57203E-002
0.15930E+002 0.0057725 0.57725E-002
0.15965E+002 0.0058167 0.58167E-002
0.16000E+002 0.0058489 0.58489E-002
0.16035E+002 0.0058659 0.58659E-002
0.16070E+002 0.0058662 0.58662E-002
0.16105E+002 0.0058498 0.58498E-002
0.16140E+002 0.0058187 0.58187E-002
0.16175E+002 0.0057762 0.57762E-002
0.16210E+002 0.0057261 0.57261E-002
0.16245E+002 0.0056727 0.56727E-002
0.16280E+002 0.0056195 0.56195E-002
0.16315E+002 0.0055688 0.55688E-002
0.16350E+002 0.0055219 0.55219E-002
0.16385E+002 0.0054789 0.54789E-002
0.16420E+002 0.0054389 0.54389E-002
0.16455E+002 0.0054007 0.54007E-002
0.16490E+002 0.0053628 0.53628E-002
0.16525E+002 0.0053238 0.53238E-002
0.16560E+002 0.0052829 0.52829E-002
0.16595E+002 0.0052394 0.52394E-002
0.16630E+002 0.005193 0.51930E-002
0.16665E+002 0.0051436 0.51436E-002
0.16700E+002 0.0050911 0.50911E-002
0.16735E+002 0.0050352 0.50352E-002
0.16770E+002 0.0049756 0.49756E-002
0.16805E+002 0.0049122 0.49122E-002
0.16840E+002 0.0048452 0.48452E-002
0.16875E+002 0.0047749 0.47749E-002
0.16910E+002 0.0047024 0.47024E-002
0.16945E+002 0.0046295 0.46295E-002
0.16980E+002 0.0045581 0.45581E-002
0.17015E+002 0.0044907 0.44907E-002
0.17050E+002 0.0044295 0.44295E-002
0.17085E+002 0.0043764 0.43764E-002
0.17120E+002 0.0043328 0.43328E-002
0.17155E+002 0.0042995 0.42995E-002
0.17190E+002 0.0042768 0.42768E-002
0.17225E+002 0.0042646 0.42646E-002
0.17260E+002 0.0042626 0.42626E-002
0.17295E+002 0.0042708 0.42708E-002
0.17330E+002 0.0042891 0.42891E-002
0.17365E+002 0.0043176 0.43176E-002
0.17400E+002 0.0043567 0.43567E-002
0.17435E+002 0.0044061 0.44061E-002
0.17470E+002 0.0044651 0.44651E-002
0.17505E+002 0.0045324 0.45324E-002
0.17540E+002 0.0046055 0.46055E-002
0.17575E+002 0.0046812 0.46812E-002
0.17610E+002 0.004755 0.47550E-002
0.17645E+002 0.0048219 0.48219E-002
0.17680E+002 0.0048767 0.48767E-002
0.17715E+002 0.0049142 0.49142E-002
0.17750E+002 0.0049297 0.49297E-002
0.17785E+002 0.0049201 0.49201E-002
0.17820E+002 0.0048836 0.48836E-002
0.17855E+002 0.0048205 0.48205E-002
0.17890E+002 0.0047332 0.47332E-002
0.17925E+002 0.0046262 0.46262E-002
0.17960E+002 0.0045055 0.45055E-002
0.17995E+002 0.0043783 0.43783E-002
0.18030E+002 0.0042521 0.42521E-002
0.18065E+002 0.0041341 0.41341E-002
0.18100E+002 0.0040301 0.40301E-002
0.18135E+002 0.0039448 0.39448E-002
0.18170E+002 0.0038803 0.38803E-002
0.18205E+002 0.0038369 0.38369E-002
0.18240E+002 0.003813 0.38130E-002
0.18275E+002 0.0038051 0.38051E-002
0.18310E+002 0.0038089 0.38089E-002
0.18345E+002 0.0038194 0.38194E-002
0.18380E+002 0.0038318 0.38318E-002
0.18415E+002 0.003842 0.38420E-002
0.18450E+002 0.0038472 0.38472E-002
0.18485E+002 0.0038459 0.38459E-002
0.18520E+002 0.0038387 0.38387E-002
0.18555E+002 0.0038274 0.38274E-002
0.18590E+002 0.0038154 0.38154E-002
0.18625E+002 0.0038069 0.38069E-002
0.18660E+002 0.0038065 0.38065E-002
0.18695E+002 0.0038183 0.38183E-002
0.18730E+002 0.0038451 0.38451E-002
0.18765E+002 0.0038885 0.38885E-002
0.18800E+002 0.003948 0.39480E-002
0.18835E+002 0.0040212 0.40212E-002
0.18870E+002 0.0041039 0.41039E-002
0.18905E+002 0.0041909 0.41909E-002
0.18940E+002 0.0042762 0.42762E-002
0.18975E+002 0.0043541 0.43541E-002
0.19010E+002 0.0044193 0.44193E-002
0.19045E+002 0.0044681 0.44681E-002
0.19080E+002 0.0044981 0.44981E-002
0.19115E+002 0.0045084 0.45084E-002
0.19150E+002 0.0044997 0.44997E-002
0.19185E+002 0.0044735 0.44735E-002
0.19220E+002 0.004432 0.44320E-002
0.19255E+002 0.0043777 0.43777E-002
0.19290E+002 0.0043129 0.43129E-002
0.19325E+002 0.0042397 0.42397E-002
0.19360E+002 0.00416 0.41600E-002
0.19395E+002 0.0040755 0.40755E-002
0.19430E+002 0.0039879 0.39879E-002
0.19465E+002 0.0038994 0.38994E-002
0.19500E+002 0.0038126 0.38126E-002
0.19535E+002 0.0037304 0.37304E-002
0.19570E+002 0.0036563 0.36563E-002
0.19605E+002 0.0035938 0.35938E-002
0.19640E+002 0.0035462 0.35462E-002
0.19675E+002 0.0035159 0.35159E-002
0.19710E+002 0.0035045 0.35045E-002
0.19745E+002 0.0035119 0.35119E-002
0.19780E+002 0.0035365 0.35365E-002
0.19815E+002 0.003575 0.35750E-002
0.19850E+002 0.003623 0.36230E-002
0.19885E+002 0.003675 0.36750E-002
0.19920E+002 0.0037256 0.37256E-002
0.19955E+002 0.0037697 0.37697E-002
0.19990E+002 0.0038035 0.38035E-002
0.20025E+002 0.0038248 0.38248E-002
0.20060E+002 0.0038334 0.38334E-002
0.20095E+002 0.0038308 0.38308E-002
0.20130E+002 0.0038197 0.38197E-002
0.20165E+002 0.0038037 0.38037E-002
0.20200E+002 0.0037865 0.37865E-002
0.20235E+002 0.0037714 0.37714E-002
0.20270E+002 0.0037607 0.37607E-002
0.20305E+002 0.0037557 0.37557E-002
0.20340E+002 0.0037568 0.37568E-002
0.20375E+002 0.0037641 0.37641E-002
0.20410E+002 0.0037771 0.37771E-002
0.20445E+002 0.0037958 0.37958E-002
0.20480E+002 0.0038202 0.38202E-002
0.20515E+002 0.0038511 0.38511E-002
0.20550E+002 0.0038892 0.38892E-002
0.20585E+002 0.0039352 0.39352E-002
0.20620E+002 0.0039897 0.39897E-002
0.20655E+002 0.0040528 0.40528E-002
0.20690E+002 0.0041238 0.41238E-002
0.20725E+002 0.0042016 0.42016E-002
0.20760E+002 0.0042843 0.42843E-002
0.20795E+002 0.00437 0.43700E-002
0.20830E+002 0.0044565 0.44565E-002
0.20865E+002 0.0045415 0.45415E-002
0.20900E+002 0.0046234 0.46234E-002
0.20935E+002 0.0047008 0.47008E-002
0.20970E+002 0.0047728 0.47728E-002
0.21005E+002 0.0048391 0.48391E-002
0.21040E+002 0.0048999 0.48999E-002
0.21075E+002 0.0049554 0.49554E-002
0.21110E+002 0.0050061 0.50061E-002
0.21145E+002 0.005052 0.50520E-002
0.21180E+002 0.0050928 0.50928E-002
0.21215E+002 0.0051276 0.51276E-002
0.21250E+002 0.0051551 0.51551E-002
0.21285E+002 0.005174 0.51740E-002
0.21320E+002 0.0051832 0.51832E-002
0.21355E+002 0.0051825 0.51825E-002
0.21390E+002 0.005173 0.51730E-002
0.21425E+002 0.0051571 0.51571E-002
0.21460E+002 0.0051385 0.51385E-002
0.21495E+002 0.0051219 0.51219E-002
0.21530E+002 0.0051122 0.51122E-002
0.21565E+002 0.0051141 0.51141E-002
0.21600E+002 0.0051311 0.51311E-002
0.21635E+002 0.0051652 0.51652E-002
0.21670E+002 0.0052165 0.52165E-002
0.21705E+002 0.0052833 0.52833E-002
0.21740E+002 0.0053623 0.53623E-002
0.21775E+002 0.0054492 0.54492E-002
0.21810E+002 0.0055391 0.55391E-002
0.21845E+002 0.0056272 0.56272E-002
0.21880E+002 0.0057092 0.57092E-002
0.21915E+002 0.0057811 0.57811E-002
0.21950E+002 0.0058401 0.58401E-002
0.21985E+002 0.0058837 0.58837E-002
0.22020E+002 0.0059104 0.59104E-002
0.22055E+002 0.0059195 0.59195E-002
0.22090E+002 0.005911 0.59110E-002
0.22125E+002 0.005886 0.58860E-002
0.22160E+002 0.0058463 0.58463E-002
0.22195E+002 0.005795 0.57950E-002
0.22230E+002 0.0057359 0.57359E-002
0.22265E+002 0.0056733 0.56733E-002
0.22300E+002 0.0056117 0.56117E-002
0.22335E+002 0.0055554 0.55554E-002
0.22370E+002 0.0055083 0.55083E-002
0.22405E+002 0.0054732 0.54732E-002
0.22440E+002 0.0054521 0.54521E-002
0.22475E+002 0.0054458 0.54458E-002
0.22510E+002 0.0054543 0.54543E-002
0.22545E+002 0.0054765 0.54765E-002
0.22580E+002 0.0055107 0.55107E-002
0.22615E+002 0.0055541 0.55541E-002
0.22650E+002 0.0056036 0.56036E-002
0.22685E+002 0.0056554 0.56554E-002
0.22720E+002 0.0057056 0.57056E-002
0.22755E+002 0.0057506 0.57506E-002
0.22790E+002 0.0057871 0.57871E-002
0.22825E+002 0.0058133 0.58133E-002
0.22860E+002 0.0058287 0.58287E-002
0.22895E+002 0.0058346 0.58346E-002
0.22930E+002 0.005834 0.58340E-002
0.22965E+002 0.0058309 0.58309E-002
0.23000E+002 0.0058304 0.58304E-002
0.23035E+002 0.0058373 0.58373E-002
0.23070E+002 0.0058559 0.58559E-002
0.23105E+002 0.0058889 0.58889E-002
0.23140E+002 0.0059372 0.59372E-002
0.23175E+002 0.006 0.60000E-002
0.23210E+002 0.0060748 0.60748E-002
0.23245E+002 0.0061579 0.61579E-002
0.23280E+002 0.006245 0.62450E-002
0.23315E+002 0.0063319 0.63319E-002
0.23350E+002 0.0064148 0.64148E-002
0.23385E+002 0.006491 0.64910E-002
0.23420E+002 0.0065583 0.65583E-002
0.23455E+002 0.0066157 0.66157E-002
0.23490E+002 0.0066624 0.66624E-002
0.23525E+002 0.0066976 0.66976E-002
0.23560E+002 0.0067201 0.67201E-002
0.23595E+002 0.0067283 0.67283E-002
0.23630E+002 0.0067198 0.67198E-002
0.23665E+002 0.0066918 0.66918E-002
0.23700E+002 0.006642 0.66420E-002
0.23735E+002 0.0065683 0.65683E-002
0.23770E+002 0.0064701 0.64701E-002
0.23805E+002 0.0063482 0.63482E-002
0.23840E+002 0.0062053 0.62053E-002
0.23875E+002 0.0060453 0.60453E-002
0.23910E+002 0.0058732 0.58732E-002
0.23945E+002 0.0056944 0.56944E-002
0.23980E+002 0.0055139 0.55139E-002
0.24015E+002 0.0053361 0.53361E-002
0.24050E+002 0.0051644 0.51644E-002
0.24085E+002 0.0050009 0.50009E-002
0.24120E+002 0.0048466 0.48466E-002
0.24155E+002 0.0047015 0.47015E-002
0.24190E+002 0.0045649 0.45649E-002
0.24225E+002 0.0044356 0.44356E-002
0.24260E+002 0.0043122 0.43122E-002
0.24295E+002 0.0041932 0.41932E-002
0.24330E+002 0.0040778 0.40778E-002
0.24365E+002 0.0039652 0.39652E-002
0.24400E+002 0.0038555 0.38555E-002
0.24435E+002 0.0037492 0.37492E-002
0.24470E+002 0.0036473 0.36473E-002
0.24505E+002 0.0035508 0.35508E-002
0.24540E+002 0.0034608 0.34608E-002
0.24575E+002 0.0033778 0.33778E-002
0.24610E+002 0.0033015 0.33015E-002
0.24645E+002 0.0032308 0.32308E-002
0.24680E+002 0.0031638 0.31638E-002
0.24715E+002 0.0030979 0.30979E-002
0.24750E+002 0.0030303 0.30303E-002
0.24785E+002 0.0029583 0.29583E-002
0.24820E+002 0.0028796 0.28796E-002
0.24855E+002 0.0027931 0.27931E-002
0.24890E+002 0.0026985 0.26985E-002
0.24925E+002 0.0025973 0.25973E-002
0.24960E+002 0.0024919 0.24919E-002
0.24995E+002 0.0023857 0.23857E-002
0.25030E+002 0.0022828 0.22828E-002
0.25065E+002 0.0021872 0.21872E-002
0.25100E+002 0.0021024 0.21024E-002
0.25135E+002 0.002031 0.20310E-002
0.25170E+002 0.0019743 0.19743E-002
0.25205E+002 0.001932 0.19320E-002
0.25240E+002 0.0019026 0.19026E-002
0.25275E+002 0.0018834 0.18834E-002
0.25310E+002 0.0018711 0.18711E-002
0.25345E+002 0.0018621 0.18621E-002
0.25380E+002 0.0018532 0.18532E-002
0.25415E+002 0.0018419 0.18419E-002
0.25450E+002 0.0018269 0.18269E-002
0.25485E+002 0.001808 0.18080E-002
0.25520E+002 0.0017861 0.17861E-002
0.25555E+002 0.0017632 0.17632E-002
0.25590E+002 0.0017419 0.17419E-002
0.25625E+002 0.0017251 0.17251E-002
0.25660E+002 0.0017154 0.17154E-002
0.25695E+002 0.001715 0.17150E-002
0.25730E+002 0.0017251 0.17251E-002
0.25765E+002 0.001746 0.17460E-002
0.25800E+002 0.0017768 0.17768E-002
0.25835E+002 0.0018155 0.18155E-002
0.25870E+002 0.0018594 0.18594E-002
0.25905E+002 0.001905 0.19050E-002
0.25940E+002 0.0019486 0.19486E-002
0.25975E+002 0.0019866 0.19866E-002
0.26010E+002 0.0020159 0.20159E-002
0.26045E+002 0.002034 0.20340E-002
0.26080E+002 0.0020396 0.20396E-002
0.26115E+002 0.0020325 0.20325E-002
0.26150E+002 0.0020135 0.20135E-002
0.26185E+002 0.0019842 0.19842E-002
0.26220E+002 0.0019474 0.19474E-002
0.26255E+002 0.0019059 0.19059E-002
0.26290E+002 0.0018628 0.18628E-002
0.26325E+002 0.0018214 0.18214E-002
0.26360E+002 0.0017843 0.17843E-002
0.26395E+002 0.001754 0.17540E-002
0.26430E+002 0.0017323 0.17323E-002
0.26465E+002 0.0017208 0.17208E-002
0.26500E+002 0.0017202 0.17202E-002
0.26535E+002 0.001731 0.17310E-002
0.26570E+002 0.0017531 0.17531E-002
0.26605E+002 0.0017859 0.17859E-002
0.26640E+002 0.0018283 0.18283E-002
0.26675E+002 0.0018787 0.18787E-002
0.26710E+002 0.0019354 0.19354E-002
0.26745E+002 0.0019961 0.19961E-002
0.26780E+002 0.0020584 0.20584E-002
0.26815E+002 0.0021195 0.21195E-002
0.26850E+002 0.002177 0.21770E-002
0.26885E+002 0.0022282 0.22282E-002
0.26920E+002 0.002271 0.22710E-002
0.26955E+002 0.0023036 0.23036E-002
0.26990E+002 0.002325 0.23250E-002
0.27025E+002 0.0023351 0.23351E-002
0.27060E+002 0.0023345 0.23345E-002
0.27095E+002 0.0023246 0.23246E-002
0.27130E+002 0.0023075 0.23075E-002
0.27165E+002 0.0022857 0.22857E-002
0.27200E+002 0.0022614 0.22614E-002
0.27235E+002 0.0022366 0.22366E-002
0.27270E+002 0.0022128 0.22128E-002
0.27305E+002 0.0021906 0.21906E-002
0.27340E+002 0.0021699 0.21699E-002
0.27375E+002 0.0021504 0.21504E-002
0.27410E+002 0.0021312 0.21312E-002
0.27445E+002 0.0021116 0.21116E-002
0.27480E+002 0.0020912 0.20912E-002
0.27515E+002 0.00207 0.20700E-002
0.27550E+002 0.0020483 0.20483E-002
0.27585E+002 0.0020273 0.20273E-002
0.27620E+002 0.0020082 0.20082E-002
0.27655E+002 0.0019924 0.19924E-002
0.27690E+002 0.0019815 0.19815E-002
0.27725E+002 0.0019765 0.19765E-002
0.27760E+002 0.0019783 0.19783E-002
0.27795E+002 0.001987 0.19870E-002
0.27830E+002 0.0020021 0.20021E-002
0.27865E+002 0.0020225 0.20225E-002
0.27900E+002 0.0020467 0.20467E-002
0.27935E+002 0.0020727 0.20727E-002
0.27970E+002 0.0020988 0.20988E-002
0.28005E+002 0.0021232 0.21232E-002
0.28040E+002 0.0021445 0.21445E-002
0.28075E+002 0.0021617 0.21617E-002
0.28110E+002 0.0021738 0.21738E-002
0.28145E+002 0.0021804 0.21804E-002
0.28180E+002 0.0021809 0.21809E-002
0.28215E+002 0.0021748 0.21748E-002
0.28250E+002 0.0021617 0.21617E-002
0.28285E+002 0.0021411 0.21411E-002
0.28320E+002 0.002113 0.21130E-002
0.28355E+002 0.0020777 0.20777E-002
0.28390E+002 0.002036 0.20360E-002
0.28425E+002 0.0019895 0.19895E-002
0.28460E+002 0.0019398 0.19398E-002
0.28495E+002 0.0018893 0.18893E-002
0.28530E+002 0.00184 0.18400E-002
0.28565E+002 0.0017938 0.17938E-002
0.28600E+002 0.0017521 0.17521E-002
0.28635E+002 0.0017155 0.17155E-002
0.28670E+002 0.0016843 0.16843E-002
0.28705E+002 0.001658 0.16580E-002
0.28740E+002 0.0016358 0.16358E-002
0.28775E+002 0.0016168 0.16168E-002
0.28810E+002 0.0016002 0.16002E-002
0.28845E+002 0.0015857 0.15857E-002
0.28880E+002 0.0015733 0.15733E-002
0.28915E+002 0.0015636 0.15636E-002
0.28950E+002 0.0015572 0.15572E-002
0.28985E+002 0.0015552 0.15552E-002
0.29020E+002 0.001558 0.15580E-002
0.29055E+002 0.0015656 0.15656E-002
0.29090E+002 0.0015774 0.15774E-002
0.29125E+002 0.0015921 0.15921E-002
0.29160E+002 0.0016076 0.16076E-002
0.29195E+002 0.0016217 0.16217E-002
0.29230E+002 0.0016323 0.16323E-002
0.29265E+002 0.0016376 0.16376E-002
0.29300E+002 0.0016368 0.16368E-002
0.29335E+002 0.0016301 0.16301E-002
0.29370E+002 0.0016185 0.16185E-002
0.29405E+002 0.001604 0.16040E-002
0.29440E+002 0.0015893 0.15893E-002
0.29475E+002 0.001577 0.15770E-002
0.29510E+002 0.0015697 0.15697E-002
0.29545E+002 0.0015689 0.15689E-002
0.29580E+002 0.0015758 0.15758E-002
0.29615E+002 0.0015898 0.15898E-002
0.29650E+002 0.0016097 0.16097E-002
0.29685E+002 0.0016331 0.16331E-002
0.29720E+002 0.0016572 0.16572E-002
0.29755E+002 0.0016789 0.16789E-002
0.29790E+002 0.0016956 0.16956E-002
0.29825E+002 0.0017051 0.17051E-002
0.29860E+002 0.0017063 0.17063E-002
0.29895E+002 0.0016991 0.16991E-002
0.29930E+002 0.0016844 0.16844E-002
0.29965E+002 0.0016637 0.16637E-002
