# Applied a delta shift of      4.31163 eV
 -0.50000E+001  0.28455E-305  0.28527E-305  0.28528E-305  0.28309E-305
 -0.49650E+001  0.19522E-302  0.19521E-302  0.19522E-302  0.19522E-302
 -0.49300E+001  0.12604E-299  0.12604E-299  0.12604E-299  0.12604E-299
 -0.48950E+001  0.78920E-297  0.78919E-297  0.78920E-297  0.78922E-297
 -0.48600E+001  0.47928E-294  0.47927E-294  0.47928E-294  0.47929E-294
 -0.48250E+001  0.28229E-291  0.28229E-291  0.28229E-291  0.28230E-291
 -0.47900E+001  0.16126E-288  0.16125E-288  0.16126E-288  0.16126E-288
 -0.47550E+001  0.89341E-286  0.89340E-286  0.89341E-286  0.89343E-286
 -0.47200E+001  0.48006E-283  0.48005E-283  0.48006E-283  0.48007E-283
 -0.46850E+001  0.25018E-280  0.25017E-280  0.25018E-280  0.25019E-280
 -0.46500E+001  0.12645E-277  0.12645E-277  0.12645E-277  0.12645E-277
 -0.46150E+001  0.61987E-275  0.61986E-275  0.61986E-275  0.61988E-275
 -0.45800E+001  0.29471E-272  0.29470E-272  0.29470E-272  0.29471E-272
 -0.45450E+001  0.13589E-269  0.13589E-269  0.13589E-269  0.13590E-269
 -0.45100E+001  0.60773E-267  0.60772E-267  0.60773E-267  0.60775E-267
 -0.44750E+001  0.26360E-264  0.26359E-264  0.26360E-264  0.26361E-264
 -0.44400E+001  0.11089E-261  0.11089E-261  0.11089E-261  0.11089E-261
 -0.44050E+001  0.45243E-259  0.45242E-259  0.45242E-259  0.45244E-259
 -0.43700E+001  0.17903E-256  0.17902E-256  0.17903E-256  0.17903E-256
 -0.43350E+001  0.68708E-254  0.68707E-254  0.68708E-254  0.68710E-254
 -0.43000E+001  0.25575E-251  0.25574E-251  0.25575E-251  0.25576E-251
 -0.42650E+001  0.92327E-249  0.92325E-249  0.92327E-249  0.92330E-249
 -0.42300E+001  0.32327E-246  0.32326E-246  0.32327E-246  0.32328E-246
 -0.41950E+001  0.10978E-243  0.10978E-243  0.10978E-243  0.10978E-243
 -0.41600E+001  0.36156E-241  0.36155E-241  0.36156E-241  0.36157E-241
 -0.41250E+001  0.11550E-238  0.11549E-238  0.11549E-238  0.11550E-238
 -0.40900E+001  0.35782E-236  0.35781E-236  0.35782E-236  0.35783E-236
 -0.40550E+001  0.10752E-233  0.10752E-233  0.10752E-233  0.10752E-233
 -0.40200E+001  0.31334E-231  0.31333E-231  0.31334E-231  0.31335E-231
 -0.39850E+001  0.88567E-229  0.88565E-229  0.88566E-229  0.88571E-229
 -0.39500E+001  0.24280E-226  0.24279E-226  0.24280E-226  0.24281E-226
 -0.39150E+001  0.64556E-224  0.64555E-224  0.64555E-224  0.64559E-224
 -0.38800E+001  0.16648E-221  0.16647E-221  0.16647E-221  0.16648E-221
 -0.38450E+001  0.41637E-219  0.41636E-219  0.41637E-219  0.41639E-219
 -0.38100E+001  0.10100E-216  0.10100E-216  0.10100E-216  0.10101E-216
 -0.37750E+001  0.23763E-214  0.23763E-214  0.23763E-214  0.23764E-214
 -0.37400E+001  0.54225E-212  0.54224E-212  0.54225E-212  0.54228E-212
 -0.37050E+001  0.12001E-209  0.12001E-209  0.12001E-209  0.12002E-209
 -0.36700E+001  0.25761E-207  0.25760E-207  0.25760E-207  0.25762E-207
 -0.36350E+001  0.53632E-205  0.53630E-205  0.53631E-205  0.53634E-205
 -0.36000E+001  0.10829E-202  0.10829E-202  0.10829E-202  0.10830E-202
 -0.35650E+001  0.21209E-200  0.21208E-200  0.21208E-200  0.21210E-200
 -0.35300E+001  0.40286E-198  0.40284E-198  0.40285E-198  0.40288E-198
 -0.34950E+001  0.74218E-196  0.74215E-196  0.74217E-196  0.74222E-196
 -0.34600E+001  0.13262E-193  0.13261E-193  0.13261E-193  0.13262E-193
 -0.34250E+001  0.22983E-191  0.22982E-191  0.22983E-191  0.22984E-191
 -0.33900E+001  0.38632E-189  0.38630E-189  0.38631E-189  0.38634E-189
 -0.33550E+001  0.62981E-187  0.62978E-187  0.62980E-187  0.62984E-187
 -0.33200E+001  0.99586E-185  0.99583E-185  0.99585E-185  0.99592E-185
 -0.32850E+001  0.15273E-182  0.15272E-182  0.15273E-182  0.15274E-182
 -0.32500E+001  0.22718E-180  0.22717E-180  0.22718E-180  0.22719E-180
 -0.32150E+001  0.32776E-178  0.32774E-178  0.32775E-178  0.32778E-178
 -0.31800E+001  0.45863E-176  0.45861E-176  0.45862E-176  0.45866E-176
 -0.31450E+001  0.62245E-174  0.62242E-174  0.62244E-174  0.62249E-174
 -0.31100E+001  0.81937E-172  0.81933E-172  0.81935E-172  0.81942E-172
 -0.30750E+001  0.10461E-169  0.10461E-169  0.10461E-169  0.10462E-169
 -0.30400E+001  0.12955E-167  0.12954E-167  0.12954E-167  0.12955E-167
 -0.30050E+001  0.15560E-165  0.15559E-165  0.15559E-165  0.15561E-165
 -0.29700E+001  0.18126E-163  0.18125E-163  0.18126E-163  0.18127E-163
 -0.29350E+001  0.20481E-161  0.20480E-161  0.20480E-161  0.20482E-161
 -0.29000E+001  0.22445E-159  0.22444E-159  0.22445E-159  0.22447E-159
 -0.28650E+001  0.23858E-157  0.23857E-157  0.23858E-157  0.23860E-157
 -0.28300E+001  0.24598E-155  0.24596E-155  0.24597E-155  0.24600E-155
 -0.27950E+001  0.24597E-153  0.24596E-153  0.24597E-153  0.24599E-153
 -0.27600E+001  0.23857E-151  0.23856E-151  0.23856E-151  0.23859E-151
 -0.27250E+001  0.22443E-149  0.22442E-149  0.22443E-149  0.22445E-149
 -0.26900E+001  0.20479E-147  0.20478E-147  0.20478E-147  0.20480E-147
 -0.26550E+001  0.18124E-145  0.18123E-145  0.18124E-145  0.18126E-145
 -0.26200E+001  0.15558E-143  0.15557E-143  0.15558E-143  0.15559E-143
 -0.25850E+001  0.12954E-141  0.12953E-141  0.12953E-141  0.12955E-141
 -0.25500E+001  0.10461E-139  0.10460E-139  0.10461E-139  0.10462E-139
 -0.25150E+001  0.81942E-138  0.81937E-138  0.81940E-138  0.81950E-138
 -0.24800E+001  0.62256E-136  0.62252E-136  0.62255E-136  0.62262E-136
 -0.24450E+001  0.45878E-134  0.45875E-134  0.45877E-134  0.45883E-134
 -0.24100E+001  0.32793E-132  0.32791E-132  0.32792E-132  0.32796E-132
 -0.23750E+001  0.22735E-130  0.22734E-130  0.22735E-130  0.22738E-130
 -0.23400E+001  0.15289E-128  0.15288E-128  0.15288E-128  0.15290E-128
 -0.23050E+001  0.99723E-127  0.99716E-127  0.99720E-127  0.99734E-127
 -0.22700E+001  0.63092E-125  0.63087E-125  0.63090E-125  0.63099E-125
 -0.22350E+001  0.38717E-123  0.38714E-123  0.38716E-123  0.38721E-123
 -0.22000E+001  0.23045E-121  0.23044E-121  0.23045E-121  0.23048E-121
 -0.21650E+001  0.13305E-119  0.13304E-119  0.13305E-119  0.13307E-119
 -0.21300E+001  0.74511E-118  0.74505E-118  0.74509E-118  0.74520E-118
 -0.20950E+001  0.40474E-116  0.40471E-116  0.40472E-116  0.40479E-116
 -0.20600E+001  0.21325E-114  0.21323E-114  0.21324E-114  0.21328E-114
 -0.20250E+001  0.10898E-112  0.10898E-112  0.10898E-112  0.10900E-112
 -0.19900E+001  0.54026E-111  0.54021E-111  0.54023E-111  0.54032E-111
 -0.19550E+001  0.25977E-109  0.25975E-109  0.25976E-109  0.25981E-109
 -0.19200E+001  0.12116E-107  0.12115E-107  0.12116E-107  0.12118E-107
 -0.18850E+001  0.54813E-106  0.54809E-106  0.54811E-106  0.54821E-106
 -0.18500E+001  0.24054E-104  0.24051E-104  0.24053E-104  0.24057E-104
 -0.18150E+001  0.10239E-102  0.10238E-102  0.10238E-102  0.10240E-102
 -0.17800E+001  0.42274E-101  0.42270E-101  0.42272E-101  0.42280E-101
 -0.17450E+001  0.16931E-099  0.16929E-099  0.16930E-099  0.16933E-099
 -0.17100E+001  0.65774E-098  0.65767E-098  0.65770E-098  0.65783E-098
 -0.16750E+001  0.24786E-096  0.24783E-096  0.24784E-096  0.24789E-096
 -0.16400E+001  0.90599E-095  0.90590E-095  0.90594E-095  0.90612E-095
 -0.16050E+001  0.32123E-093  0.32120E-093  0.32122E-093  0.32128E-093
 -0.15700E+001  0.11048E-091  0.11047E-091  0.11048E-091  0.11050E-091
 -0.15350E+001  0.36860E-090  0.36856E-090  0.36858E-090  0.36866E-090
 -0.15000E+001  0.11929E-088  0.11927E-088  0.11928E-088  0.11931E-088
 -0.14650E+001  0.37447E-087  0.37442E-087  0.37445E-087  0.37453E-087
 -0.14300E+001  0.11403E-085  0.11402E-085  0.11402E-085  0.11405E-085
 -0.13950E+001  0.33683E-084  0.33679E-084  0.33681E-084  0.33688E-084
 -0.13600E+001  0.96513E-083  0.96501E-083  0.96507E-083  0.96529E-083
 -0.13250E+001  0.26826E-081  0.26823E-081  0.26824E-081  0.26830E-081
 -0.12900E+001  0.72328E-080  0.72320E-080  0.72324E-080  0.72341E-080
 -0.12550E+001  0.18917E-078  0.18915E-078  0.18916E-078  0.18921E-078
 -0.12200E+001  0.47996E-077  0.47990E-077  0.47993E-077  0.48005E-077
 -0.11850E+001  0.11813E-075  0.11811E-075  0.11812E-075  0.11815E-075
 -0.11500E+001  0.28202E-074  0.28199E-074  0.28201E-074  0.28208E-074
 -0.11150E+001  0.65317E-073  0.65308E-073  0.65313E-073  0.65329E-073
 -0.10800E+001  0.14675E-071  0.14673E-071  0.14674E-071  0.14677E-071
 -0.10450E+001  0.31982E-070  0.31978E-070  0.31980E-070  0.31989E-070
 -0.10100E+001  0.67618E-069  0.67609E-069  0.67614E-069  0.67632E-069
 -0.97500E+000  0.13868E-067  0.13866E-067  0.13867E-067  0.13871E-067
 -0.94000E+000  0.27593E-066  0.27589E-066  0.27591E-066  0.27598E-066
 -0.90500E+000  0.53257E-065  0.53249E-065  0.53253E-065  0.53268E-065
 -0.87000E+000  0.99717E-064  0.99703E-064  0.99710E-064  0.99739E-064
 -0.83500E+000  0.18113E-062  0.18110E-062  0.18111E-062  0.18117E-062
 -0.80000E+000  0.31917E-061  0.31912E-061  0.31914E-061  0.31924E-061
 -0.76500E+000  0.54560E-060  0.54551E-060  0.54556E-060  0.54572E-060
 -0.73000E+000  0.90479E-059  0.90465E-059  0.90472E-059  0.90500E-059
 -0.69500E+000  0.14556E-057  0.14554E-057  0.14555E-057  0.14560E-057
 -0.66000E+000  0.22719E-056  0.22715E-056  0.22717E-056  0.22724E-056
 -0.62500E+000  0.34399E-055  0.34394E-055  0.34397E-055  0.34408E-055
 -0.59000E+000  0.50530E-054  0.50521E-054  0.50526E-054  0.50542E-054
 -0.55500E+000  0.72008E-053  0.71996E-053  0.72003E-053  0.72026E-053
 -0.52000E+000  0.99554E-052  0.99537E-052  0.99545E-052  0.99579E-052
 -0.48500E+000  0.13353E-050  0.13351E-050  0.13352E-050  0.13356E-050
 -0.45000E+000  0.17375E-049  0.17372E-049  0.17374E-049  0.17380E-049
 -0.41500E+000  0.21935E-048  0.21931E-048  0.21934E-048  0.21941E-048
 -0.38000E+000  0.26866E-047  0.26861E-047  0.26864E-047  0.26873E-047
 -0.34500E+000  0.31924E-046  0.31919E-046  0.31922E-046  0.31933E-046
 -0.31000E+000  0.36804E-045  0.36797E-045  0.36801E-045  0.36814E-045
 -0.27500E+000  0.41165E-044  0.41157E-044  0.41161E-044  0.41177E-044
 -0.24000E+000  0.44671E-043  0.44663E-043  0.44667E-043  0.44684E-043
 -0.20500E+000  0.47032E-042  0.47023E-042  0.47028E-042  0.47046E-042
 -0.17000E+000  0.48044E-041  0.48034E-041  0.48039E-041  0.48058E-041
 -0.13500E+000  0.47616E-040  0.47606E-040  0.47611E-040  0.47630E-040
 -0.10000E+000  0.45787E-039  0.45778E-039  0.45783E-039  0.45801E-039
 -0.65000E-001  0.42719E-038  0.42710E-038  0.42715E-038  0.42732E-038
 -0.30000E-001  0.38671E-037  0.38663E-037  0.38667E-037  0.38683E-037
  0.50000E-002  0.33966E-036  0.33958E-036  0.33962E-036  0.33976E-036
  0.40000E-001  0.28946E-035  0.28940E-035  0.28943E-035  0.28955E-035
  0.75000E-001  0.23936E-034  0.23930E-034  0.23933E-034  0.23943E-034
  0.11000E+000  0.19204E-033  0.19200E-033  0.19202E-033  0.19211E-033
  0.14500E+000  0.14951E-032  0.14948E-032  0.14949E-032  0.14956E-032
  0.18000E+000  0.11294E-031  0.11292E-031  0.11293E-031  0.11298E-031
  0.21500E+000  0.82786E-031  0.82768E-031  0.82777E-031  0.82814E-031
  0.25000E+000  0.58883E-030  0.58869E-030  0.58876E-030  0.58903E-030
  0.28500E+000  0.40640E-029  0.40630E-029  0.40635E-029  0.40654E-029
  0.32000E+000  0.27217E-028  0.27211E-028  0.27214E-028  0.27227E-028
  0.35500E+000  0.17688E-027  0.17684E-027  0.17686E-027  0.17695E-027
  0.39000E+000  0.11155E-026  0.11153E-026  0.11154E-026  0.11159E-026
  0.42500E+000  0.68269E-026  0.68253E-026  0.68261E-026  0.68294E-026
  0.46000E+000  0.40545E-025  0.40535E-025  0.40540E-025  0.40559E-025
  0.49500E+000  0.23367E-024  0.23362E-024  0.23365E-024  0.23376E-024
  0.53000E+000  0.13070E-023  0.13066E-023  0.13068E-023  0.13074E-023
  0.56500E+000  0.70942E-023  0.70924E-023  0.70933E-023  0.70968E-023
  0.60000E+000  0.37370E-022  0.37361E-022  0.37366E-022  0.37385E-022
  0.63500E+000  0.19105E-021  0.19100E-021  0.19103E-021  0.19113E-021
  0.67000E+000  0.94795E-021  0.94771E-021  0.94784E-021  0.94832E-021
  0.70500E+000  0.45649E-020  0.45638E-020  0.45644E-020  0.45667E-020
  0.74000E+000  0.21336E-019  0.21330E-019  0.21333E-019  0.21344E-019
  0.77500E+000  0.96786E-019  0.96760E-019  0.96773E-019  0.96824E-019
  0.81000E+000  0.42614E-018  0.42603E-018  0.42609E-018  0.42631E-018
  0.84500E+000  0.18212E-017  0.18207E-017  0.18209E-017  0.18219E-017
  0.88000E+000  0.75546E-017  0.75526E-017  0.75536E-017  0.75576E-017
  0.91500E+000  0.30419E-016  0.30410E-016  0.30415E-016  0.30431E-016
  0.95000E+000  0.11889E-015  0.11886E-015  0.11888E-015  0.11894E-015
  0.98500E+000  0.45108E-015  0.45095E-015  0.45102E-015  0.45126E-015
  0.10200E+001  0.16613E-014  0.16609E-014  0.16611E-014  0.16620E-014
  0.10550E+001  0.59398E-014  0.59381E-014  0.59390E-014  0.59422E-014
  0.10900E+001  0.20616E-013  0.20611E-013  0.20614E-013  0.20625E-013
  0.11250E+001  0.69469E-013  0.69449E-013  0.69459E-013  0.69498E-013
  0.11600E+001  0.22726E-012  0.22719E-012  0.22722E-012  0.22735E-012
  0.11950E+001  0.72177E-012  0.72157E-012  0.72168E-012  0.72208E-012
  0.12300E+001  0.22257E-011  0.22250E-011  0.22254E-011  0.22266E-011
  0.12650E+001  0.66635E-011  0.66616E-011  0.66626E-011  0.66664E-011
  0.13000E+001  0.19371E-010  0.19365E-010  0.19368E-010  0.19379E-010
  0.13350E+001  0.54676E-010  0.54660E-010  0.54668E-010  0.54699E-010
  0.13700E+001  0.14985E-009  0.14981E-009  0.14983E-009  0.14992E-009
  0.14050E+001  0.39882E-009  0.39871E-009  0.39877E-009  0.39900E-009
  0.14400E+001  0.10307E-008  0.10304E-008  0.10306E-008  0.10312E-008
  0.14750E+001  0.25868E-008  0.25860E-008  0.25864E-008  0.25879E-008
  0.15100E+001  0.63046E-008  0.63028E-008  0.63037E-008  0.63074E-008
  0.15450E+001  0.14923E-007  0.14918E-007  0.14921E-007  0.14929E-007
  0.15800E+001  0.34303E-007  0.34293E-007  0.34298E-007  0.34318E-007
  0.16150E+001  0.76583E-007  0.76561E-007  0.76572E-007  0.76617E-007
  0.16500E+001  0.16606E-006  0.16601E-006  0.16604E-006  0.16613E-006
  0.16850E+001  0.34973E-006  0.34963E-006  0.34968E-006  0.34988E-006
  0.17200E+001  0.71540E-006  0.71519E-006  0.71530E-006  0.71571E-006
  0.17550E+001  0.14215E-005  0.14210E-005  0.14213E-005  0.14221E-005
  0.17900E+001  0.27434E-005  0.27426E-005  0.27430E-005  0.27446E-005
  0.18250E+001  0.51433E-005  0.51418E-005  0.51425E-005  0.51455E-005
  0.18600E+001  0.93666E-005  0.93639E-005  0.93653E-005  0.93706E-005
  0.18950E+001  0.16570E-004  0.16566E-004  0.16568E-004  0.16577E-004
  0.19300E+001  0.28478E-004  0.28469E-004  0.28474E-004  0.28490E-004
  0.19650E+001  0.47544E-004  0.47531E-004  0.47538E-004  0.47564E-004
  0.20000E+001  0.77114E-004  0.77092E-004  0.77103E-004  0.77146E-004
  0.20350E+001  0.12151E-003  0.12147E-003  0.12149E-003  0.12156E-003
  0.20700E+001  0.18601E-003  0.18596E-003  0.18598E-003  0.18609E-003
  0.21050E+001  0.27664E-003  0.27657E-003  0.27661E-003  0.27676E-003
  0.21400E+001  0.39973E-003  0.39962E-003  0.39968E-003  0.39990E-003
  0.21750E+001  0.56116E-003  0.56101E-003  0.56109E-003  0.56139E-003
  0.22100E+001  0.76539E-003  0.76518E-003  0.76529E-003  0.76570E-003
  0.22450E+001  0.10143E-002  0.10140E-002  0.10141E-002  0.10147E-002
  0.22800E+001  0.13059E-002  0.13055E-002  0.13057E-002  0.13064E-002
  0.23150E+001  0.16336E-002  0.16332E-002  0.16334E-002  0.16342E-002
  0.23500E+001  0.19855E-002  0.19850E-002  0.19852E-002  0.19863E-002
  0.23850E+001  0.23446E-002  0.23440E-002  0.23443E-002  0.23455E-002
  0.24200E+001  0.26901E-002  0.26894E-002  0.26898E-002  0.26911E-002
  0.24550E+001  0.29988E-002  0.29981E-002  0.29985E-002  0.30000E-002
  0.24900E+001  0.32481E-002  0.32473E-002  0.32477E-002  0.32493E-002
  0.25250E+001  0.34182E-002  0.34174E-002  0.34178E-002  0.34195E-002
  0.25600E+001  0.34953E-002  0.34945E-002  0.34949E-002  0.34966E-002
  0.25950E+001  0.34732E-002  0.34724E-002  0.34728E-002  0.34745E-002
  0.26300E+001  0.33543E-002  0.33535E-002  0.33539E-002  0.33555E-002
  0.26650E+001  0.31498E-002  0.31490E-002  0.31494E-002  0.31509E-002
  0.27000E+001  0.28781E-002  0.28774E-002  0.28778E-002  0.28791E-002
  0.27350E+001  0.25634E-002  0.25628E-002  0.25631E-002  0.25642E-002
  0.27700E+001  0.22329E-002  0.22324E-002  0.22326E-002  0.22336E-002
  0.28050E+001  0.19151E-002  0.19147E-002  0.19149E-002  0.19157E-002
  0.28400E+001  0.16381E-002  0.16378E-002  0.16379E-002  0.16386E-002
  0.28750E+001  0.14288E-002  0.14285E-002  0.14287E-002  0.14292E-002
  0.29100E+001  0.13128E-002  0.13125E-002  0.13127E-002  0.13132E-002
  0.29450E+001  0.13150E-002  0.13147E-002  0.13149E-002  0.13153E-002
  0.29800E+001  0.14600E-002  0.14598E-002  0.14599E-002  0.14604E-002
  0.30150E+001  0.17729E-002  0.17726E-002  0.17727E-002  0.17733E-002
  0.30500E+001  0.22780E-002  0.22777E-002  0.22779E-002  0.22785E-002
  0.30850E+001  0.29983E-002  0.29979E-002  0.29981E-002  0.29988E-002
  0.31200E+001  0.39522E-002  0.39518E-002  0.39520E-002  0.39529E-002
  0.31550E+001  0.51511E-002  0.51506E-002  0.51509E-002  0.51520E-002
  0.31900E+001  0.65952E-002  0.65945E-002  0.65949E-002  0.65962E-002
  0.32250E+001  0.82705E-002  0.82698E-002  0.82702E-002  0.82717E-002
  0.32600E+001  0.10147E-001  0.10146E-001  0.10147E-001  0.10149E-001
  0.32950E+001  0.12179E-001  0.12178E-001  0.12178E-001  0.12180E-001
  0.33300E+001  0.14303E-001  0.14302E-001  0.14303E-001  0.14305E-001
  0.33650E+001  0.16448E-001  0.16447E-001  0.16447E-001  0.16449E-001
  0.34000E+001  0.18532E-001  0.18531E-001  0.18531E-001  0.18533E-001
  0.34350E+001  0.20474E-001  0.20473E-001  0.20474E-001  0.20476E-001
  0.34700E+001  0.22199E-001  0.22198E-001  0.22199E-001  0.22201E-001
  0.35050E+001  0.23640E-001  0.23639E-001  0.23640E-001  0.23642E-001
  0.35400E+001  0.24744E-001  0.24743E-001  0.24743E-001  0.24745E-001
  0.35750E+001  0.25472E-001  0.25471E-001  0.25472E-001  0.25473E-001
  0.36100E+001  0.25804E-001  0.25804E-001  0.25804E-001  0.25805E-001
  0.36450E+001  0.25736E-001  0.25735E-001  0.25736E-001  0.25736E-001
  0.36800E+001  0.25276E-001  0.25276E-001  0.25276E-001  0.25277E-001
  0.37150E+001  0.24451E-001  0.24451E-001  0.24451E-001  0.24451E-001
  0.37500E+001  0.23296E-001  0.23297E-001  0.23297E-001  0.23296E-001
  0.37850E+001  0.21864E-001  0.21864E-001  0.21864E-001  0.21864E-001
  0.38200E+001  0.20215E-001  0.20216E-001  0.20215E-001  0.20215E-001
  0.38550E+001  0.18422E-001  0.18422E-001  0.18422E-001  0.18421E-001
  0.38900E+001  0.16563E-001  0.16563E-001  0.16563E-001  0.16562E-001
  0.39250E+001  0.14722E-001  0.14723E-001  0.14722E-001  0.14721E-001
  0.39600E+001  0.12982E-001  0.12982E-001  0.12982E-001  0.12981E-001
  0.39950E+001  0.11419E-001  0.11419E-001  0.11419E-001  0.11418E-001
  0.40300E+001  0.10098E-001  0.10098E-001  0.10098E-001  0.10097E-001
  0.40650E+001  0.90684E-002  0.90686E-002  0.90685E-002  0.90682E-002
  0.41000E+001  0.83606E-002  0.83606E-002  0.83606E-002  0.83606E-002
  0.41350E+001  0.79830E-002  0.79829E-002  0.79830E-002  0.79832E-002
  0.41700E+001  0.79231E-002  0.79229E-002  0.79230E-002  0.79235E-002
  0.42050E+001  0.81490E-002  0.81486E-002  0.81488E-002  0.81496E-002
  0.42400E+001  0.86123E-002  0.86118E-002  0.86120E-002  0.86131E-002
  0.42750E+001  0.92523E-002  0.92516E-002  0.92520E-002  0.92532E-002
  0.43100E+001  0.10001E-001  0.10000E-001  0.10000E-001  0.10002E-001
  0.43450E+001  0.10786E-001  0.10786E-001  0.10786E-001  0.10788E-001
  0.43800E+001  0.11541E-001  0.11540E-001  0.11541E-001  0.11542E-001
  0.44150E+001  0.12203E-001  0.12203E-001  0.12203E-001  0.12204E-001
  0.44500E+001  0.12724E-001  0.12723E-001  0.12723E-001  0.12724E-001
  0.44850E+001  0.13067E-001  0.13067E-001  0.13067E-001  0.13068E-001
  0.45200E+001  0.13219E-001  0.13218E-001  0.13218E-001  0.13219E-001
  0.45550E+001  0.13180E-001  0.13180E-001  0.13180E-001  0.13180E-001
  0.45900E+001  0.12972E-001  0.12971E-001  0.12972E-001  0.12972E-001
  0.46250E+001  0.12629E-001  0.12629E-001  0.12629E-001  0.12629E-001
  0.46600E+001  0.12199E-001  0.12199E-001  0.12199E-001  0.12198E-001
  0.46950E+001  0.11731E-001  0.11731E-001  0.11731E-001  0.11730E-001
  0.47300E+001  0.11275E-001  0.11275E-001  0.11275E-001  0.11274E-001
  0.47650E+001  0.10874E-001  0.10875E-001  0.10875E-001  0.10874E-001
  0.48000E+001  0.10561E-001  0.10562E-001  0.10562E-001  0.10560E-001
  0.48350E+001  0.10355E-001  0.10355E-001  0.10355E-001  0.10354E-001
  0.48700E+001  0.10261E-001  0.10261E-001  0.10261E-001  0.10260E-001
  0.49050E+001  0.10271E-001  0.10272E-001  0.10272E-001  0.10270E-001
  0.49400E+001  0.10370E-001  0.10370E-001  0.10370E-001  0.10369E-001
  0.49750E+001  0.10532E-001  0.10532E-001  0.10532E-001  0.10531E-001
  0.50100E+001  0.10729E-001  0.10730E-001  0.10729E-001  0.10728E-001
  0.50450E+001  0.10933E-001  0.10933E-001  0.10933E-001  0.10932E-001
  0.50800E+001  0.11118E-001  0.11118E-001  0.11118E-001  0.11117E-001
  0.51150E+001  0.11263E-001  0.11264E-001  0.11263E-001  0.11263E-001
  0.51500E+001  0.11356E-001  0.11357E-001  0.11356E-001  0.11356E-001
  0.51850E+001  0.11393E-001  0.11393E-001  0.11393E-001  0.11393E-001
  0.52200E+001  0.11379E-001  0.11379E-001  0.11379E-001  0.11379E-001
  0.52550E+001  0.11328E-001  0.11328E-001  0.11328E-001  0.11328E-001
  0.52900E+001  0.11261E-001  0.11261E-001  0.11261E-001  0.11260E-001
  0.53250E+001  0.11201E-001  0.11202E-001  0.11201E-001  0.11201E-001
  0.53600E+001  0.11176E-001  0.11176E-001  0.11176E-001  0.11176E-001
  0.53950E+001  0.11207E-001  0.11208E-001  0.11208E-001  0.11207E-001
  0.54300E+001  0.11316E-001  0.11316E-001  0.11316E-001  0.11316E-001
  0.54650E+001  0.11515E-001  0.11515E-001  0.11515E-001  0.11514E-001
  0.55000E+001  0.11810E-001  0.11810E-001  0.11810E-001  0.11810E-001
  0.55350E+001  0.12205E-001  0.12205E-001  0.12205E-001  0.12205E-001
  0.55700E+001  0.12694E-001  0.12694E-001  0.12694E-001  0.12695E-001
  0.56050E+001  0.13271E-001  0.13271E-001  0.13271E-001  0.13271E-001
  0.56400E+001  0.13925E-001  0.13924E-001  0.13924E-001  0.13925E-001
  0.56750E+001  0.14643E-001  0.14642E-001  0.14643E-001  0.14643E-001
  0.57100E+001  0.15411E-001  0.15411E-001  0.15411E-001  0.15412E-001
  0.57450E+001  0.16216E-001  0.16215E-001  0.16215E-001  0.16216E-001
  0.57800E+001  0.17038E-001  0.17038E-001  0.17038E-001  0.17039E-001
  0.58150E+001  0.17861E-001  0.17861E-001  0.17861E-001  0.17862E-001
  0.58500E+001  0.18665E-001  0.18664E-001  0.18665E-001  0.18666E-001
  0.58850E+001  0.19429E-001  0.19428E-001  0.19428E-001  0.19429E-001
  0.59200E+001  0.20131E-001  0.20131E-001  0.20131E-001  0.20132E-001
  0.59550E+001  0.20753E-001  0.20752E-001  0.20753E-001  0.20754E-001
  0.59900E+001  0.21274E-001  0.21274E-001  0.21274E-001  0.21275E-001
  0.60250E+001  0.21679E-001  0.21679E-001  0.21679E-001  0.21680E-001
  0.60600E+001  0.21955E-001  0.21955E-001  0.21955E-001  0.21956E-001
  0.60950E+001  0.22095E-001  0.22095E-001  0.22095E-001  0.22096E-001
  0.61300E+001  0.22096E-001  0.22096E-001  0.22096E-001  0.22097E-001
  0.61650E+001  0.21962E-001  0.21961E-001  0.21961E-001  0.21962E-001
  0.62000E+001  0.21702E-001  0.21701E-001  0.21702E-001  0.21702E-001
  0.62350E+001  0.21332E-001  0.21331E-001  0.21331E-001  0.21332E-001
  0.62700E+001  0.20871E-001  0.20871E-001  0.20871E-001  0.20872E-001
  0.63050E+001  0.20345E-001  0.20344E-001  0.20345E-001  0.20345E-001
  0.63400E+001  0.19779E-001  0.19778E-001  0.19778E-001  0.19779E-001
  0.63750E+001  0.19199E-001  0.19199E-001  0.19199E-001  0.19200E-001
  0.64100E+001  0.18631E-001  0.18631E-001  0.18631E-001  0.18632E-001
  0.64450E+001  0.18095E-001  0.18094E-001  0.18095E-001  0.18096E-001
  0.64800E+001  0.17605E-001  0.17604E-001  0.17605E-001  0.17606E-001
  0.65150E+001  0.17167E-001  0.17166E-001  0.17167E-001  0.17168E-001
  0.65500E+001  0.16779E-001  0.16779E-001  0.16779E-001  0.16780E-001
  0.65850E+001  0.16432E-001  0.16431E-001  0.16432E-001  0.16433E-001
  0.66200E+001  0.16108E-001  0.16107E-001  0.16108E-001  0.16109E-001
  0.66550E+001  0.15787E-001  0.15786E-001  0.15787E-001  0.15788E-001
  0.66900E+001  0.15449E-001  0.15448E-001  0.15449E-001  0.15450E-001
  0.67250E+001  0.15076E-001  0.15076E-001  0.15076E-001  0.15077E-001
  0.67600E+001  0.14657E-001  0.14657E-001  0.14657E-001  0.14658E-001
  0.67950E+001  0.14189E-001  0.14188E-001  0.14188E-001  0.14189E-001
  0.68300E+001  0.13675E-001  0.13674E-001  0.13675E-001  0.13675E-001
  0.68650E+001  0.13127E-001  0.13126E-001  0.13127E-001  0.13127E-001
  0.69000E+001  0.12561E-001  0.12561E-001  0.12561E-001  0.12562E-001
  0.69350E+001  0.11996E-001  0.11996E-001  0.11996E-001  0.11997E-001
  0.69700E+001  0.11451E-001  0.11451E-001  0.11451E-001  0.11452E-001
  0.70050E+001  0.10941E-001  0.10941E-001  0.10941E-001  0.10941E-001
  0.70400E+001  0.10478E-001  0.10477E-001  0.10477E-001  0.10478E-001
  0.70750E+001  0.10068E-001  0.10067E-001  0.10068E-001  0.10068E-001
  0.71100E+001  0.97137E-002  0.97135E-002  0.97136E-002  0.97139E-002
  0.71450E+001  0.94144E-002  0.94143E-002  0.94143E-002  0.94146E-002
  0.71800E+001  0.91659E-002  0.91657E-002  0.91658E-002  0.91661E-002
  0.72150E+001  0.89624E-002  0.89623E-002  0.89623E-002  0.89626E-002
  0.72500E+001  0.87977E-002  0.87976E-002  0.87977E-002  0.87979E-002
  0.72850E+001  0.86654E-002  0.86653E-002  0.86653E-002  0.86656E-002
  0.73200E+001  0.85593E-002  0.85592E-002  0.85592E-002  0.85595E-002
  0.73550E+001  0.84738E-002  0.84737E-002  0.84737E-002  0.84740E-002
  0.73900E+001  0.84037E-002  0.84036E-002  0.84037E-002  0.84039E-002
  0.74250E+001  0.83446E-002  0.83445E-002  0.83445E-002  0.83448E-002
  0.74600E+001  0.82926E-002  0.82925E-002  0.82926E-002  0.82928E-002
  0.74950E+001  0.82449E-002  0.82448E-002  0.82449E-002  0.82451E-002
  0.75300E+001  0.81996E-002  0.81995E-002  0.81996E-002  0.81998E-002
  0.75650E+001  0.81559E-002  0.81558E-002  0.81559E-002  0.81560E-002
  0.76000E+001  0.81138E-002  0.81137E-002  0.81137E-002  0.81139E-002
  0.76350E+001  0.80739E-002  0.80738E-002  0.80738E-002  0.80739E-002
  0.76700E+001  0.80370E-002  0.80370E-002  0.80370E-002  0.80370E-002
  0.77050E+001  0.80036E-002  0.80036E-002  0.80036E-002  0.80036E-002
  0.77400E+001  0.79736E-002  0.79736E-002  0.79736E-002  0.79736E-002
  0.77750E+001  0.79461E-002  0.79461E-002  0.79461E-002  0.79460E-002
  0.78100E+001  0.79193E-002  0.79194E-002  0.79193E-002  0.79192E-002
  0.78450E+001  0.78910E-002  0.78911E-002  0.78911E-002  0.78909E-002
  0.78800E+001  0.78590E-002  0.78591E-002  0.78590E-002  0.78588E-002
  0.79150E+001  0.78209E-002  0.78210E-002  0.78209E-002  0.78207E-002
  0.79500E+001  0.77751E-002  0.77752E-002  0.77751E-002  0.77749E-002
  0.79850E+001  0.77203E-002  0.77205E-002  0.77204E-002  0.77201E-002
  0.80200E+001  0.76562E-002  0.76563E-002  0.76562E-002  0.76560E-002
  0.80550E+001  0.75826E-002  0.75827E-002  0.75826E-002  0.75824E-002
  0.80900E+001  0.75001E-002  0.75002E-002  0.75002E-002  0.74999E-002
  0.81250E+001  0.74099E-002  0.74100E-002  0.74099E-002  0.74098E-002
  0.81600E+001  0.73137E-002  0.73138E-002  0.73137E-002  0.73136E-002
  0.81950E+001  0.72141E-002  0.72141E-002  0.72141E-002  0.72141E-002
  0.82300E+001  0.71145E-002  0.71145E-002  0.71145E-002  0.71145E-002
  0.82650E+001  0.70189E-002  0.70189E-002  0.70189E-002  0.70190E-002
  0.83000E+001  0.69321E-002  0.69321E-002  0.69321E-002  0.69322E-002
  0.83350E+001  0.68589E-002  0.68588E-002  0.68588E-002  0.68589E-002
  0.83700E+001  0.68036E-002  0.68036E-002  0.68036E-002  0.68037E-002
  0.84050E+001  0.67702E-002  0.67702E-002  0.67702E-002  0.67703E-002
  0.84400E+001  0.67614E-002  0.67613E-002  0.67614E-002  0.67615E-002
  0.84750E+001  0.67786E-002  0.67786E-002  0.67786E-002  0.67787E-002
  0.85100E+001  0.68218E-002  0.68218E-002  0.68218E-002  0.68219E-002
  0.85450E+001  0.68898E-002  0.68898E-002  0.68898E-002  0.68897E-002
  0.85800E+001  0.69796E-002  0.69797E-002  0.69796E-002  0.69795E-002
  0.86150E+001  0.70873E-002  0.70874E-002  0.70873E-002  0.70872E-002
  0.86500E+001  0.72076E-002  0.72077E-002  0.72076E-002  0.72074E-002
  0.86850E+001  0.73341E-002  0.73342E-002  0.73341E-002  0.73339E-002
  0.87200E+001  0.74595E-002  0.74597E-002  0.74596E-002  0.74593E-002
  0.87550E+001  0.75763E-002  0.75765E-002  0.75764E-002  0.75760E-002
  0.87900E+001  0.76767E-002  0.76768E-002  0.76768E-002  0.76764E-002
  0.88250E+001  0.77537E-002  0.77539E-002  0.77538E-002  0.77535E-002
  0.88600E+001  0.78018E-002  0.78019E-002  0.78019E-002  0.78016E-002
  0.88950E+001  0.78174E-002  0.78175E-002  0.78174E-002  0.78172E-002
  0.89300E+001  0.77994E-002  0.77995E-002  0.77995E-002  0.77993E-002
  0.89650E+001  0.77495E-002  0.77495E-002  0.77495E-002  0.77494E-002
  0.90000E+001  0.76717E-002  0.76718E-002  0.76718E-002  0.76717E-002
  0.90350E+001  0.75725E-002  0.75725E-002  0.75725E-002  0.75726E-002
  0.90700E+001  0.74597E-002  0.74596E-002  0.74597E-002  0.74598E-002
  0.91050E+001  0.73417E-002  0.73416E-002  0.73417E-002  0.73418E-002
  0.91400E+001  0.72270E-002  0.72269E-002  0.72270E-002  0.72272E-002
  0.91750E+001  0.71234E-002  0.71233E-002  0.71234E-002  0.71236E-002
  0.92100E+001  0.70373E-002  0.70371E-002  0.70372E-002  0.70374E-002
  0.92450E+001  0.69732E-002  0.69731E-002  0.69732E-002  0.69734E-002
  0.92800E+001  0.69341E-002  0.69340E-002  0.69341E-002  0.69343E-002
  0.93150E+001  0.69208E-002  0.69207E-002  0.69208E-002  0.69209E-002
  0.93500E+001  0.69321E-002  0.69321E-002  0.69321E-002  0.69322E-002
  0.93850E+001  0.69651E-002  0.69651E-002  0.69651E-002  0.69652E-002
  0.94200E+001  0.70153E-002  0.70153E-002  0.70153E-002  0.70153E-002
  0.94550E+001  0.70769E-002  0.70770E-002  0.70769E-002  0.70768E-002
  0.94900E+001  0.71434E-002  0.71435E-002  0.71435E-002  0.71433E-002
  0.95250E+001  0.72081E-002  0.72082E-002  0.72082E-002  0.72080E-002
  0.95600E+001  0.72647E-002  0.72649E-002  0.72648E-002  0.72645E-002
  0.95950E+001  0.73078E-002  0.73080E-002  0.73079E-002  0.73075E-002
  0.96300E+001  0.73334E-002  0.73336E-002  0.73335E-002  0.73331E-002
  0.96650E+001  0.73390E-002  0.73392E-002  0.73391E-002  0.73386E-002
  0.97000E+001  0.73239E-002  0.73241E-002  0.73240E-002  0.73235E-002
  0.97350E+001  0.72888E-002  0.72890E-002  0.72889E-002  0.72884E-002
  0.97700E+001  0.72357E-002  0.72360E-002  0.72358E-002  0.72353E-002
  0.98050E+001  0.71675E-002  0.71677E-002  0.71676E-002  0.71671E-002
  0.98400E+001  0.70873E-002  0.70875E-002  0.70874E-002  0.70869E-002
  0.98750E+001  0.69986E-002  0.69988E-002  0.69987E-002  0.69982E-002
  0.99100E+001  0.69045E-002  0.69048E-002  0.69046E-002  0.69041E-002
  0.99450E+001  0.68079E-002  0.68081E-002  0.68080E-002  0.68075E-002
  0.99800E+001  0.67108E-002  0.67110E-002  0.67109E-002  0.67104E-002
  0.10015E+002  0.66148E-002  0.66151E-002  0.66150E-002  0.66145E-002
  0.10050E+002  0.65210E-002  0.65212E-002  0.65211E-002  0.65207E-002
  0.10085E+002  0.64296E-002  0.64298E-002  0.64297E-002  0.64293E-002
  0.10120E+002  0.63407E-002  0.63409E-002  0.63408E-002  0.63404E-002
  0.10155E+002  0.62544E-002  0.62546E-002  0.62545E-002  0.62542E-002
  0.10190E+002  0.61710E-002  0.61712E-002  0.61711E-002  0.61707E-002
  0.10225E+002  0.60911E-002  0.60912E-002  0.60912E-002  0.60908E-002
  0.10260E+002  0.60161E-002  0.60163E-002  0.60162E-002  0.60159E-002
  0.10295E+002  0.59483E-002  0.59485E-002  0.59484E-002  0.59481E-002
  0.10330E+002  0.58903E-002  0.58904E-002  0.58903E-002  0.58901E-002
  0.10365E+002  0.58450E-002  0.58452E-002  0.58451E-002  0.58448E-002
  0.10400E+002  0.58153E-002  0.58154E-002  0.58154E-002  0.58151E-002
  0.10435E+002  0.58032E-002  0.58033E-002  0.58032E-002  0.58030E-002
  0.10470E+002  0.58095E-002  0.58096E-002  0.58096E-002  0.58093E-002
  0.10505E+002  0.58337E-002  0.58338E-002  0.58338E-002  0.58335E-002
  0.10540E+002  0.58738E-002  0.58739E-002  0.58738E-002  0.58736E-002
  0.10575E+002  0.59262E-002  0.59263E-002  0.59263E-002  0.59260E-002
  0.10610E+002  0.59867E-002  0.59869E-002  0.59868E-002  0.59865E-002
  0.10645E+002  0.60508E-002  0.60509E-002  0.60509E-002  0.60506E-002
  0.10680E+002  0.61141E-002  0.61142E-002  0.61142E-002  0.61139E-002
  0.10715E+002  0.61732E-002  0.61733E-002  0.61733E-002  0.61730E-002
  0.10750E+002  0.62257E-002  0.62258E-002  0.62258E-002  0.62255E-002
  0.10785E+002  0.62706E-002  0.62707E-002  0.62706E-002  0.62704E-002
  0.10820E+002  0.63079E-002  0.63080E-002  0.63080E-002  0.63078E-002
  0.10855E+002  0.63387E-002  0.63388E-002  0.63388E-002  0.63386E-002
  0.10890E+002  0.63648E-002  0.63648E-002  0.63648E-002  0.63647E-002
  0.10925E+002  0.63883E-002  0.63883E-002  0.63883E-002  0.63882E-002
  0.10960E+002  0.64116E-002  0.64116E-002  0.64116E-002  0.64116E-002
  0.10995E+002  0.64373E-002  0.64373E-002  0.64373E-002  0.64373E-002
  0.11030E+002  0.64679E-002  0.64679E-002  0.64679E-002  0.64678E-002
  0.11065E+002  0.65056E-002  0.65056E-002  0.65056E-002  0.65056E-002
  0.11100E+002  0.65525E-002  0.65525E-002  0.65525E-002  0.65524E-002
  0.11135E+002  0.66098E-002  0.66098E-002  0.66098E-002  0.66098E-002
  0.11170E+002  0.66780E-002  0.66780E-002  0.66780E-002  0.66779E-002
  0.11205E+002  0.67562E-002  0.67563E-002  0.67562E-002  0.67561E-002
  0.11240E+002  0.68424E-002  0.68425E-002  0.68425E-002  0.68423E-002
  0.11275E+002  0.69334E-002  0.69335E-002  0.69334E-002  0.69332E-002
  0.11310E+002  0.70247E-002  0.70249E-002  0.70248E-002  0.70245E-002
  0.11345E+002  0.71118E-002  0.71120E-002  0.71119E-002  0.71115E-002
  0.11380E+002  0.71900E-002  0.71902E-002  0.71901E-002  0.71896E-002
  0.11415E+002  0.72554E-002  0.72557E-002  0.72555E-002  0.72550E-002
  0.11450E+002  0.73055E-002  0.73058E-002  0.73056E-002  0.73050E-002
  0.11485E+002  0.73390E-002  0.73394E-002  0.73392E-002  0.73385E-002
  0.11520E+002  0.73562E-002  0.73566E-002  0.73564E-002  0.73557E-002
  0.11555E+002  0.73585E-002  0.73589E-002  0.73587E-002  0.73578E-002
  0.11590E+002  0.73477E-002  0.73481E-002  0.73479E-002  0.73470E-002
  0.11625E+002  0.73260E-002  0.73265E-002  0.73262E-002  0.73253E-002
  0.11660E+002  0.72953E-002  0.72958E-002  0.72956E-002  0.72946E-002
  0.11695E+002  0.72571E-002  0.72576E-002  0.72574E-002  0.72564E-002
  0.11730E+002  0.72125E-002  0.72130E-002  0.72127E-002  0.72119E-002
  0.11765E+002  0.71625E-002  0.71629E-002  0.71627E-002  0.71618E-002
  0.11800E+002  0.71081E-002  0.71085E-002  0.71083E-002  0.71075E-002
  0.11835E+002  0.70509E-002  0.70513E-002  0.70511E-002  0.70504E-002
  0.11870E+002  0.69929E-002  0.69932E-002  0.69931E-002  0.69925E-002
  0.11905E+002  0.69363E-002  0.69366E-002  0.69365E-002  0.69359E-002
  0.11940E+002  0.68833E-002  0.68835E-002  0.68834E-002  0.68830E-002
  0.11975E+002  0.68355E-002  0.68357E-002  0.68356E-002  0.68353E-002
  0.12010E+002  0.67937E-002  0.67938E-002  0.67937E-002  0.67935E-002
  0.12045E+002  0.67573E-002  0.67573E-002  0.67573E-002  0.67572E-002
  0.12080E+002  0.67247E-002  0.67246E-002  0.67246E-002  0.67247E-002
  0.12115E+002  0.66932E-002  0.66931E-002  0.66932E-002  0.66933E-002
  0.12150E+002  0.66598E-002  0.66597E-002  0.66597E-002  0.66600E-002
  0.12185E+002  0.66215E-002  0.66214E-002  0.66214E-002  0.66218E-002
  0.12220E+002  0.65762E-002  0.65759E-002  0.65761E-002  0.65766E-002
  0.12255E+002  0.65227E-002  0.65224E-002  0.65226E-002  0.65232E-002
  0.12290E+002  0.64617E-002  0.64613E-002  0.64615E-002  0.64622E-002
  0.12325E+002  0.63949E-002  0.63945E-002  0.63947E-002  0.63955E-002
  0.12360E+002  0.63257E-002  0.63253E-002  0.63255E-002  0.63264E-002
  0.12395E+002  0.62580E-002  0.62575E-002  0.62577E-002  0.62587E-002
  0.12430E+002  0.61957E-002  0.61952E-002  0.61954E-002  0.61964E-002
  0.12465E+002  0.61424E-002  0.61419E-002  0.61421E-002  0.61431E-002
  0.12500E+002  0.61004E-002  0.60999E-002  0.61001E-002  0.61011E-002
  0.12535E+002  0.60706E-002  0.60701E-002  0.60704E-002  0.60713E-002
  0.12570E+002  0.60524E-002  0.60520E-002  0.60522E-002  0.60530E-002
  0.12605E+002  0.60435E-002  0.60431E-002  0.60433E-002  0.60441E-002
  0.12640E+002  0.60405E-002  0.60402E-002  0.60403E-002  0.60410E-002
  0.12675E+002  0.60392E-002  0.60390E-002  0.60391E-002  0.60396E-002
  0.12710E+002  0.60353E-002  0.60351E-002  0.60352E-002  0.60356E-002
  0.12745E+002  0.60244E-002  0.60243E-002  0.60244E-002  0.60246E-002
  0.12780E+002  0.60029E-002  0.60029E-002  0.60029E-002  0.60030E-002
  0.12815E+002  0.59679E-002  0.59679E-002  0.59679E-002  0.59680E-002
  0.12850E+002  0.59176E-002  0.59177E-002  0.59177E-002  0.59176E-002
  0.12885E+002  0.58514E-002  0.58514E-002  0.58514E-002  0.58513E-002
  0.12920E+002  0.57698E-002  0.57699E-002  0.57699E-002  0.57697E-002
  0.12955E+002  0.56750E-002  0.56751E-002  0.56750E-002  0.56749E-002
  0.12990E+002  0.55701E-002  0.55701E-002  0.55701E-002  0.55700E-002
  0.13025E+002  0.54595E-002  0.54595E-002  0.54595E-002  0.54595E-002
  0.13060E+002  0.53486E-002  0.53485E-002  0.53485E-002  0.53486E-002
  0.13095E+002  0.52431E-002  0.52430E-002  0.52430E-002  0.52433E-002
  0.13130E+002  0.51490E-002  0.51488E-002  0.51489E-002  0.51493E-002
  0.13165E+002  0.50718E-002  0.50715E-002  0.50716E-002  0.50722E-002
  0.13200E+002  0.50163E-002  0.50159E-002  0.50161E-002  0.50169E-002
  0.13235E+002  0.49861E-002  0.49856E-002  0.49859E-002  0.49868E-002
  0.13270E+002  0.49836E-002  0.49830E-002  0.49833E-002  0.49845E-002
  0.13305E+002  0.50098E-002  0.50091E-002  0.50095E-002  0.50108E-002
  0.13340E+002  0.50641E-002  0.50633E-002  0.50637E-002  0.50651E-002
  0.13375E+002  0.51445E-002  0.51437E-002  0.51441E-002  0.51456E-002
  0.13410E+002  0.52476E-002  0.52468E-002  0.52472E-002  0.52488E-002
  0.13445E+002  0.53686E-002  0.53678E-002  0.53682E-002  0.53699E-002
  0.13480E+002  0.55016E-002  0.55007E-002  0.55011E-002  0.55029E-002
  0.13515E+002  0.56395E-002  0.56386E-002  0.56391E-002  0.56408E-002
  0.13550E+002  0.57748E-002  0.57739E-002  0.57744E-002  0.57762E-002
  0.13585E+002  0.59000E-002  0.58991E-002  0.58996E-002  0.59014E-002
  0.13620E+002  0.60082E-002  0.60072E-002  0.60077E-002  0.60096E-002
  0.13655E+002  0.60934E-002  0.60924E-002  0.60929E-002  0.60949E-002
  0.13690E+002  0.61516E-002  0.61506E-002  0.61511E-002  0.61532E-002
  0.13725E+002  0.61807E-002  0.61797E-002  0.61802E-002  0.61823E-002
  0.13760E+002  0.61805E-002  0.61794E-002  0.61800E-002  0.61821E-002
  0.13795E+002  0.61527E-002  0.61516E-002  0.61522E-002  0.61543E-002
  0.13830E+002  0.61005E-002  0.60994E-002  0.60999E-002  0.61021E-002
  0.13865E+002  0.60280E-002  0.60269E-002  0.60275E-002  0.60296E-002
  0.13900E+002  0.59401E-002  0.59391E-002  0.59396E-002  0.59416E-002
  0.13935E+002  0.58416E-002  0.58407E-002  0.58412E-002  0.58430E-002
  0.13970E+002  0.57376E-002  0.57368E-002  0.57372E-002  0.57389E-002
  0.14005E+002  0.56327E-002  0.56320E-002  0.56324E-002  0.56339E-002
  0.14040E+002  0.55314E-002  0.55307E-002  0.55311E-002  0.55324E-002
  0.14075E+002  0.54377E-002  0.54371E-002  0.54374E-002  0.54386E-002
  0.14110E+002  0.53554E-002  0.53549E-002  0.53552E-002  0.53562E-002
  0.14145E+002  0.52878E-002  0.52874E-002  0.52876E-002  0.52885E-002
  0.14180E+002  0.52375E-002  0.52371E-002  0.52373E-002  0.52382E-002
  0.14215E+002  0.52064E-002  0.52059E-002  0.52062E-002  0.52071E-002
  0.14250E+002  0.51953E-002  0.51949E-002  0.51951E-002  0.51961E-002
  0.14285E+002  0.52042E-002  0.52037E-002  0.52040E-002  0.52050E-002
  0.14320E+002  0.52318E-002  0.52312E-002  0.52315E-002  0.52327E-002
  0.14355E+002  0.52757E-002  0.52750E-002  0.52753E-002  0.52767E-002
  0.14390E+002  0.53327E-002  0.53319E-002  0.53323E-002  0.53339E-002
  0.14425E+002  0.53990E-002  0.53981E-002  0.53986E-002  0.54004E-002
  0.14460E+002  0.54703E-002  0.54693E-002  0.54698E-002  0.54718E-002
  0.14495E+002  0.55423E-002  0.55411E-002  0.55417E-002  0.55439E-002
  0.14530E+002  0.56107E-002  0.56095E-002  0.56101E-002  0.56126E-002
  0.14565E+002  0.56719E-002  0.56705E-002  0.56712E-002  0.56740E-002
  0.14600E+002  0.57225E-002  0.57210E-002  0.57218E-002  0.57248E-002
  0.14635E+002  0.57599E-002  0.57582E-002  0.57590E-002  0.57623E-002
  0.14670E+002  0.57819E-002  0.57801E-002  0.57810E-002  0.57846E-002
  0.14705E+002  0.57874E-002  0.57855E-002  0.57865E-002  0.57903E-002
  0.14740E+002  0.57756E-002  0.57736E-002  0.57746E-002  0.57787E-002
  0.14775E+002  0.57466E-002  0.57445E-002  0.57456E-002  0.57498E-002
  0.14810E+002  0.57011E-002  0.56990E-002  0.57001E-002  0.57043E-002
  0.14845E+002  0.56405E-002  0.56384E-002  0.56395E-002  0.56437E-002
  0.14880E+002  0.55670E-002  0.55650E-002  0.55660E-002  0.55701E-002
  0.14915E+002  0.54834E-002  0.54815E-002  0.54825E-002  0.54863E-002
  0.14950E+002  0.53932E-002  0.53914E-002  0.53923E-002  0.53957E-002
  0.14985E+002  0.53001E-002  0.52986E-002  0.52994E-002  0.53025E-002
  0.15020E+002  0.52085E-002  0.52072E-002  0.52079E-002  0.52106E-002
  0.15055E+002  0.51225E-002  0.51214E-002  0.51219E-002  0.51242E-002
  0.15090E+002  0.50458E-002  0.50449E-002  0.50454E-002  0.50473E-002
  0.15125E+002  0.49817E-002  0.49809E-002  0.49813E-002  0.49829E-002
  0.15160E+002  0.49324E-002  0.49317E-002  0.49321E-002  0.49335E-002
  0.15195E+002  0.48993E-002  0.48986E-002  0.48990E-002  0.49002E-002
  0.15230E+002  0.48825E-002  0.48820E-002  0.48823E-002  0.48833E-002
  0.15265E+002  0.48816E-002  0.48811E-002  0.48814E-002  0.48824E-002
  0.15300E+002  0.48952E-002  0.48947E-002  0.48949E-002  0.48959E-002
  0.15335E+002  0.49212E-002  0.49207E-002  0.49210E-002  0.49220E-002
  0.15370E+002  0.49576E-002  0.49571E-002  0.49574E-002  0.49584E-002
  0.15405E+002  0.50020E-002  0.50013E-002  0.50017E-002  0.50029E-002
  0.15440E+002  0.50519E-002  0.50511E-002  0.50515E-002  0.50530E-002
  0.15475E+002  0.51050E-002  0.51040E-002  0.51045E-002  0.51064E-002
  0.15510E+002  0.51592E-002  0.51580E-002  0.51586E-002  0.51611E-002
  0.15545E+002  0.52128E-002  0.52112E-002  0.52120E-002  0.52151E-002
  0.15580E+002  0.52645E-002  0.52625E-002  0.52636E-002  0.52675E-002
  0.15615E+002  0.53139E-002  0.53114E-002  0.53127E-002  0.53175E-002
  0.15650E+002  0.53611E-002  0.53582E-002  0.53597E-002  0.53654E-002
  0.15685E+002  0.54072E-002  0.54039E-002  0.54056E-002  0.54122E-002
  0.15720E+002  0.54536E-002  0.54499E-002  0.54518E-002  0.54592E-002
  0.15755E+002  0.55019E-002  0.54979E-002  0.55000E-002  0.55079E-002
  0.15790E+002  0.55532E-002  0.55491E-002  0.55512E-002  0.55594E-002
  0.15825E+002  0.56077E-002  0.56035E-002  0.56056E-002  0.56138E-002
  0.15860E+002  0.56642E-002  0.56602E-002  0.56622E-002  0.56701E-002
  0.15895E+002  0.57203E-002  0.57167E-002  0.57185E-002  0.57257E-002
  0.15930E+002  0.57725E-002  0.57694E-002  0.57709E-002  0.57773E-002
  0.15965E+002  0.58167E-002  0.58140E-002  0.58153E-002  0.58207E-002
  0.16000E+002  0.58489E-002  0.58467E-002  0.58477E-002  0.58522E-002
  0.16035E+002  0.58659E-002  0.58641E-002  0.58649E-002  0.58686E-002
  0.16070E+002  0.58662E-002  0.58647E-002  0.58654E-002  0.58684E-002
  0.16105E+002  0.58498E-002  0.58485E-002  0.58491E-002  0.58519E-002
  0.16140E+002  0.58187E-002  0.58174E-002  0.58180E-002  0.58208E-002
  0.16175E+002  0.57762E-002  0.57747E-002  0.57754E-002  0.57784E-002
  0.16210E+002  0.57261E-002  0.57245E-002  0.57253E-002  0.57287E-002
  0.16245E+002  0.56727E-002  0.56709E-002  0.56718E-002  0.56755E-002
  0.16280E+002  0.56195E-002  0.56175E-002  0.56185E-002  0.56224E-002
  0.16315E+002  0.55688E-002  0.55668E-002  0.55678E-002  0.55717E-002
  0.16350E+002  0.55219E-002  0.55201E-002  0.55210E-002  0.55245E-002
  0.16385E+002  0.54789E-002  0.54774E-002  0.54782E-002  0.54810E-002
  0.16420E+002  0.54389E-002  0.54379E-002  0.54385E-002  0.54404E-002
  0.16455E+002  0.54007E-002  0.54002E-002  0.54005E-002  0.54015E-002
  0.16490E+002  0.53628E-002  0.53628E-002  0.53628E-002  0.53627E-002
  0.16525E+002  0.53238E-002  0.53243E-002  0.53241E-002  0.53230E-002
  0.16560E+002  0.52829E-002  0.52838E-002  0.52833E-002  0.52815E-002
  0.16595E+002  0.52394E-002  0.52405E-002  0.52399E-002  0.52376E-002
  0.16630E+002  0.51930E-002  0.51943E-002  0.51936E-002  0.51911E-002
  0.16665E+002  0.51436E-002  0.51448E-002  0.51442E-002  0.51418E-002
  0.16700E+002  0.50911E-002  0.50921E-002  0.50916E-002  0.50895E-002
  0.16735E+002  0.50352E-002  0.50360E-002  0.50356E-002  0.50339E-002
  0.16770E+002  0.49756E-002  0.49762E-002  0.49759E-002  0.49748E-002
  0.16805E+002  0.49122E-002  0.49125E-002  0.49124E-002  0.49119E-002
  0.16840E+002  0.48452E-002  0.48451E-002  0.48451E-002  0.48452E-002
  0.16875E+002  0.47749E-002  0.47746E-002  0.47747E-002  0.47753E-002
  0.16910E+002  0.47024E-002  0.47019E-002  0.47022E-002  0.47032E-002
  0.16945E+002  0.46295E-002  0.46288E-002  0.46292E-002  0.46304E-002
  0.16980E+002  0.45581E-002  0.45574E-002  0.45578E-002  0.45592E-002
  0.17015E+002  0.44907E-002  0.44900E-002  0.44904E-002  0.44918E-002
  0.17050E+002  0.44295E-002  0.44288E-002  0.44292E-002  0.44304E-002
  0.17085E+002  0.43764E-002  0.43759E-002  0.43762E-002  0.43771E-002
  0.17120E+002  0.43328E-002  0.43326E-002  0.43328E-002  0.43331E-002
  0.17155E+002  0.42995E-002  0.42997E-002  0.42997E-002  0.42993E-002
  0.17190E+002  0.42768E-002  0.42773E-002  0.42772E-002  0.42760E-002
  0.17225E+002  0.42646E-002  0.42655E-002  0.42652E-002  0.42631E-002
  0.17260E+002  0.42626E-002  0.42638E-002  0.42634E-002  0.42607E-002
  0.17295E+002  0.42708E-002  0.42722E-002  0.42717E-002  0.42684E-002
  0.17330E+002  0.42891E-002  0.42906E-002  0.42900E-002  0.42866E-002
  0.17365E+002  0.43176E-002  0.43190E-002  0.43186E-002  0.43153E-002
  0.17400E+002  0.43567E-002  0.43577E-002  0.43575E-002  0.43548E-002
  0.17435E+002  0.44061E-002  0.44066E-002  0.44066E-002  0.44049E-002
  0.17470E+002  0.44651E-002  0.44649E-002  0.44653E-002  0.44651E-002
  0.17505E+002  0.45324E-002  0.45312E-002  0.45322E-002  0.45338E-002
  0.17540E+002  0.46055E-002  0.46034E-002  0.46048E-002  0.46085E-002
  0.17575E+002  0.46812E-002  0.46779E-002  0.46798E-002  0.46859E-002
  0.17610E+002  0.47550E-002  0.47505E-002  0.47529E-002  0.47615E-002
  0.17645E+002  0.48219E-002  0.48164E-002  0.48192E-002  0.48301E-002
  0.17680E+002  0.48767E-002  0.48702E-002  0.48734E-002  0.48865E-002
  0.17715E+002  0.49142E-002  0.49069E-002  0.49104E-002  0.49252E-002
  0.17750E+002  0.49297E-002  0.49219E-002  0.49256E-002  0.49417E-002
  0.17785E+002  0.49201E-002  0.49119E-002  0.49157E-002  0.49327E-002
  0.17820E+002  0.48836E-002  0.48752E-002  0.48791E-002  0.48965E-002
  0.17855E+002  0.48205E-002  0.48121E-002  0.48159E-002  0.48335E-002
  0.17890E+002  0.47332E-002  0.47249E-002  0.47287E-002  0.47460E-002
  0.17925E+002  0.46262E-002  0.46181E-002  0.46218E-002  0.46388E-002
  0.17960E+002  0.45055E-002  0.44975E-002  0.45012E-002  0.45179E-002
  0.17995E+002  0.43783E-002  0.43704E-002  0.43741E-002  0.43906E-002
  0.18030E+002  0.42521E-002  0.42441E-002  0.42479E-002  0.42644E-002
  0.18065E+002  0.41341E-002  0.41259E-002  0.41297E-002  0.41465E-002
  0.18100E+002  0.40301E-002  0.40217E-002  0.40257E-002  0.40429E-002
  0.18135E+002  0.39448E-002  0.39360E-002  0.39402E-002  0.39580E-002
  0.18170E+002  0.38803E-002  0.38711E-002  0.38756E-002  0.38941E-002
  0.18205E+002  0.38369E-002  0.38273E-002  0.38321E-002  0.38514E-002
  0.18240E+002  0.38130E-002  0.38030E-002  0.38080E-002  0.38280E-002
  0.18275E+002  0.38051E-002  0.37947E-002  0.37999E-002  0.38208E-002
  0.18310E+002  0.38089E-002  0.37982E-002  0.38036E-002  0.38250E-002
  0.18345E+002  0.38194E-002  0.38084E-002  0.38139E-002  0.38359E-002
  0.18380E+002  0.38318E-002  0.38206E-002  0.38262E-002  0.38486E-002
  0.18415E+002  0.38420E-002  0.38307E-002  0.38363E-002  0.38591E-002
  0.18450E+002  0.38472E-002  0.38357E-002  0.38414E-002  0.38645E-002
  0.18485E+002  0.38459E-002  0.38343E-002  0.38400E-002  0.38635E-002
  0.18520E+002  0.38387E-002  0.38267E-002  0.38326E-002  0.38567E-002
  0.18555E+002  0.38274E-002  0.38149E-002  0.38209E-002  0.38463E-002
  0.18590E+002  0.38154E-002  0.38020E-002  0.38084E-002  0.38357E-002
  0.18625E+002  0.38069E-002  0.37922E-002  0.37992E-002  0.38293E-002
  0.18660E+002  0.38065E-002  0.37900E-002  0.37979E-002  0.38317E-002
  0.18695E+002  0.38183E-002  0.37994E-002  0.38085E-002  0.38469E-002
  0.18730E+002  0.38451E-002  0.38235E-002  0.38340E-002  0.38778E-002
  0.18765E+002  0.38885E-002  0.38641E-002  0.38761E-002  0.39254E-002
  0.18800E+002  0.39480E-002  0.39208E-002  0.39345E-002  0.39888E-002
  0.18835E+002  0.40212E-002  0.39917E-002  0.40068E-002  0.40651E-002
  0.18870E+002  0.41039E-002  0.40729E-002  0.40891E-002  0.41497E-002
  0.18905E+002  0.41909E-002  0.41596E-002  0.41764E-002  0.42368E-002
  0.18940E+002  0.42762E-002  0.42460E-002  0.42627E-002  0.43200E-002
  0.18975E+002  0.43541E-002  0.43264E-002  0.43422E-002  0.43936E-002
  0.19010E+002  0.44193E-002  0.43957E-002  0.44098E-002  0.44524E-002
  0.19045E+002  0.44681E-002  0.44498E-002  0.44615E-002  0.44930E-002
  0.19080E+002  0.44981E-002  0.44860E-002  0.44948E-002  0.45135E-002
  0.19115E+002  0.45084E-002  0.45030E-002  0.45085E-002  0.45138E-002
  0.19150E+002  0.44997E-002  0.45010E-002  0.45030E-002  0.44950E-002
  0.19185E+002  0.44735E-002  0.44811E-002  0.44798E-002  0.44594E-002
  0.19220E+002  0.44320E-002  0.44454E-002  0.44409E-002  0.44097E-002
  0.19255E+002  0.43777E-002  0.43960E-002  0.43887E-002  0.43483E-002
  0.19290E+002  0.43129E-002  0.43353E-002  0.43256E-002  0.42778E-002
  0.19325E+002  0.42397E-002  0.42655E-002  0.42537E-002  0.42000E-002
  0.19360E+002  0.41600E-002  0.41885E-002  0.41750E-002  0.41165E-002
  0.19395E+002  0.40755E-002  0.41064E-002  0.40913E-002  0.40288E-002
  0.19430E+002  0.39879E-002  0.40209E-002  0.40045E-002  0.39383E-002
  0.19465E+002  0.38994E-002  0.39343E-002  0.39167E-002  0.38472E-002
  0.19500E+002  0.38126E-002  0.38493E-002  0.38306E-002  0.37578E-002
  0.19535E+002  0.37304E-002  0.37686E-002  0.37491E-002  0.36735E-002
  0.19570E+002  0.36563E-002  0.36957E-002  0.36756E-002  0.35977E-002
  0.19605E+002  0.35938E-002  0.36338E-002  0.36135E-002  0.35341E-002
  0.19640E+002  0.35462E-002  0.35862E-002  0.35659E-002  0.34863E-002
  0.19675E+002  0.35159E-002  0.35553E-002  0.35354E-002  0.34570E-002
  0.19710E+002  0.35045E-002  0.35425E-002  0.35233E-002  0.34477E-002
  0.19745E+002  0.35119E-002  0.35477E-002  0.35296E-002  0.34583E-002
  0.19780E+002  0.35365E-002  0.35695E-002  0.35527E-002  0.34872E-002
  0.19815E+002  0.35750E-002  0.36046E-002  0.35894E-002  0.35310E-002
  0.19850E+002  0.36230E-002  0.36488E-002  0.36353E-002  0.35849E-002
  0.19885E+002  0.36750E-002  0.36967E-002  0.36849E-002  0.36435E-002
  0.19920E+002  0.37256E-002  0.37429E-002  0.37330E-002  0.37009E-002
  0.19955E+002  0.37697E-002  0.37825E-002  0.37744E-002  0.37521E-002
  0.19990E+002  0.38035E-002  0.38119E-002  0.38055E-002  0.37929E-002
  0.20025E+002  0.38248E-002  0.38289E-002  0.38243E-002  0.38212E-002
  0.20060E+002  0.38334E-002  0.38334E-002  0.38304E-002  0.38364E-002
  0.20095E+002  0.38308E-002  0.38269E-002  0.38254E-002  0.38399E-002
  0.20130E+002  0.38197E-002  0.38124E-002  0.38122E-002  0.38343E-002
  0.20165E+002  0.38037E-002  0.37934E-002  0.37946E-002  0.38231E-002
  0.20200E+002  0.37865E-002  0.37738E-002  0.37762E-002  0.38097E-002
  0.20235E+002  0.37714E-002  0.37569E-002  0.37603E-002  0.37971E-002
  0.20270E+002  0.37607E-002  0.37451E-002  0.37494E-002  0.37876E-002
  0.20305E+002  0.37557E-002  0.37398E-002  0.37448E-002  0.37824E-002
  0.20340E+002  0.37568E-002  0.37415E-002  0.37469E-002  0.37820E-002
  0.20375E+002  0.37641E-002  0.37501E-002  0.37558E-002  0.37863E-002
  0.20410E+002  0.37771E-002  0.37652E-002  0.37709E-002  0.37952E-002
  0.20445E+002  0.37958E-002  0.37866E-002  0.37921E-002  0.38086E-002
  0.20480E+002  0.38202E-002  0.38144E-002  0.38193E-002  0.38270E-002
  0.20515E+002  0.38511E-002  0.38491E-002  0.38531E-002  0.38511E-002
  0.20550E+002  0.38892E-002  0.38915E-002  0.38940E-002  0.38820E-002
  0.20585E+002  0.39352E-002  0.39420E-002  0.39428E-002  0.39207E-002
  0.20620E+002  0.39897E-002  0.40013E-002  0.39998E-002  0.39681E-002
  0.20655E+002  0.40528E-002  0.40691E-002  0.40648E-002  0.40245E-002
  0.20690E+002  0.41238E-002  0.41445E-002  0.41373E-002  0.40897E-002
  0.20725E+002  0.42016E-002  0.42260E-002  0.42158E-002  0.41629E-002
  0.20760E+002  0.42843E-002  0.43117E-002  0.42985E-002  0.42429E-002
  0.20795E+002  0.43700E-002  0.43989E-002  0.43833E-002  0.43279E-002
  0.20830E+002  0.44565E-002  0.44853E-002  0.44680E-002  0.44161E-002
  0.20865E+002  0.45415E-002  0.45685E-002  0.45506E-002  0.45055E-002
  0.20900E+002  0.46234E-002  0.46465E-002  0.46295E-002  0.45943E-002
  0.20935E+002  0.47008E-002  0.47182E-002  0.47035E-002  0.46807E-002
  0.20970E+002  0.47728E-002  0.47829E-002  0.47719E-002  0.47636E-002
  0.21005E+002  0.48391E-002  0.48409E-002  0.48348E-002  0.48417E-002
  0.21040E+002  0.48999E-002  0.48928E-002  0.48924E-002  0.49144E-002
  0.21075E+002  0.49554E-002  0.49396E-002  0.49454E-002  0.49812E-002
  0.21110E+002  0.50061E-002  0.49823E-002  0.49942E-002  0.50417E-002
  0.21145E+002  0.50520E-002  0.50217E-002  0.50390E-002  0.50953E-002
  0.21180E+002  0.50928E-002  0.50577E-002  0.50795E-002  0.51413E-002
  0.21215E+002  0.51276E-002  0.50898E-002  0.51145E-002  0.51785E-002
  0.21250E+002  0.51551E-002  0.51168E-002  0.51429E-002  0.52057E-002
  0.21285E+002  0.51740E-002  0.51371E-002  0.51630E-002  0.52219E-002
  0.21320E+002  0.51832E-002  0.51494E-002  0.51736E-002  0.52265E-002
  0.21355E+002  0.51825E-002  0.51530E-002  0.51743E-002  0.52202E-002
  0.21390E+002  0.51730E-002  0.51483E-002  0.51660E-002  0.52048E-002
  0.21425E+002  0.51571E-002  0.51369E-002  0.51508E-002  0.51837E-002
  0.21460E+002  0.51385E-002  0.51219E-002  0.51321E-002  0.51615E-002
  0.21495E+002  0.51219E-002  0.51072E-002  0.51144E-002  0.51440E-002
  0.21530E+002  0.51122E-002  0.50971E-002  0.51025E-002  0.51370E-002
  0.21565E+002  0.51141E-002  0.50959E-002  0.51008E-002  0.51455E-002
  0.21600E+002  0.51311E-002  0.51069E-002  0.51130E-002  0.51735E-002
  0.21635E+002  0.51652E-002  0.51320E-002  0.51411E-002  0.52226E-002
  0.21670E+002  0.52165E-002  0.51718E-002  0.51855E-002  0.52923E-002
  0.21705E+002  0.52833E-002  0.52252E-002  0.52451E-002  0.53797E-002
  0.21740E+002  0.53623E-002  0.52900E-002  0.53171E-002  0.54798E-002
  0.21775E+002  0.54492E-002  0.53632E-002  0.53981E-002  0.55862E-002
  0.21810E+002  0.55391E-002  0.54416E-002  0.54839E-002  0.56918E-002
  0.21845E+002  0.56272E-002  0.55220E-002  0.55705E-002  0.57891E-002
  0.21880E+002  0.57092E-002  0.56016E-002  0.56542E-002  0.58716E-002
  0.21915E+002  0.57811E-002  0.56778E-002  0.57316E-002  0.59340E-002
  0.21950E+002  0.58401E-002  0.57482E-002  0.57997E-002  0.59724E-002
  0.21985E+002  0.58837E-002  0.58102E-002  0.58559E-002  0.59850E-002
  0.22020E+002  0.59104E-002  0.58613E-002  0.58978E-002  0.59722E-002
  0.22055E+002  0.59195E-002  0.58989E-002  0.59235E-002  0.59362E-002
  0.22090E+002  0.59110E-002  0.59203E-002  0.59316E-002  0.58812E-002
  0.22125E+002  0.58860E-002  0.59237E-002  0.59215E-002  0.58128E-002
  0.22160E+002  0.58463E-002  0.59080E-002  0.58935E-002  0.57375E-002
  0.22195E+002  0.57950E-002  0.58737E-002  0.58492E-002  0.56622E-002
  0.22230E+002  0.57359E-002  0.58228E-002  0.57916E-002  0.55934E-002
  0.22265E+002  0.56733E-002  0.57587E-002  0.57246E-002  0.55365E-002
  0.22300E+002  0.56117E-002  0.56861E-002  0.56531E-002  0.54958E-002
  0.22335E+002  0.55554E-002  0.56105E-002  0.55823E-002  0.54736E-002
  0.22370E+002  0.55083E-002  0.55372E-002  0.55172E-002  0.54705E-002
  0.22405E+002  0.54732E-002  0.54715E-002  0.54623E-002  0.54858E-002
  0.22440E+002  0.54521E-002  0.54173E-002  0.54212E-002  0.55176E-002
  0.22475E+002  0.54458E-002  0.53779E-002  0.53963E-002  0.55632E-002
  0.22510E+002  0.54543E-002  0.53548E-002  0.53887E-002  0.56193E-002
  0.22545E+002  0.54765E-002  0.53488E-002  0.53983E-002  0.56825E-002
  0.22580E+002  0.55107E-002  0.53592E-002  0.54236E-002  0.57493E-002
  0.22615E+002  0.55541E-002  0.53844E-002  0.54622E-002  0.58157E-002
  0.22650E+002  0.56036E-002  0.54222E-002  0.55107E-002  0.58778E-002
  0.22685E+002  0.56554E-002  0.54693E-002  0.55652E-002  0.59317E-002
  0.22720E+002  0.57056E-002  0.55223E-002  0.56213E-002  0.59733E-002
  0.22755E+002  0.57506E-002  0.55775E-002  0.56747E-002  0.59994E-002
  0.22790E+002  0.57871E-002  0.56316E-002  0.57219E-002  0.60078E-002
  0.22825E+002  0.58133E-002  0.56817E-002  0.57605E-002  0.59976E-002
  0.22860E+002  0.58287E-002  0.57265E-002  0.57896E-002  0.59700E-002
  0.22895E+002  0.58346E-002  0.57662E-002  0.58101E-002  0.59276E-002
  0.22930E+002  0.58340E-002  0.58025E-002  0.58246E-002  0.58747E-002
  0.22965E+002  0.58309E-002  0.58390E-002  0.58374E-002  0.58163E-002
  0.23000E+002  0.58304E-002  0.58802E-002  0.58536E-002  0.57573E-002
  0.23035E+002  0.58373E-002  0.59314E-002  0.58786E-002  0.57020E-002
  0.23070E+002  0.58559E-002  0.59973E-002  0.59171E-002  0.56532E-002
  0.23105E+002  0.58889E-002  0.60817E-002  0.59726E-002  0.56123E-002
  0.23140E+002  0.59372E-002  0.61862E-002  0.60465E-002  0.55788E-002
  0.23175E+002  0.60000E-002  0.63101E-002  0.61380E-002  0.55518E-002
  0.23210E+002  0.60748E-002  0.64501E-002  0.62445E-002  0.55298E-002
  0.23245E+002  0.61579E-002  0.66004E-002  0.63612E-002  0.55120E-002
  0.23280E+002  0.62450E-002  0.67536E-002  0.64822E-002  0.54992E-002
  0.23315E+002  0.63319E-002  0.69011E-002  0.66011E-002  0.54934E-002
  0.23350E+002  0.64148E-002  0.70344E-002  0.67115E-002  0.54986E-002
  0.23385E+002  0.64910E-002  0.71455E-002  0.68080E-002  0.55194E-002
  0.23420E+002  0.65583E-002  0.72282E-002  0.68862E-002  0.55606E-002
  0.23455E+002  0.66157E-002  0.72781E-002  0.69431E-002  0.56259E-002
  0.23490E+002  0.66624E-002  0.72933E-002  0.69772E-002  0.57167E-002
  0.23525E+002  0.66976E-002  0.72736E-002  0.69877E-002  0.58314E-002
  0.23560E+002  0.67201E-002  0.72208E-002  0.69750E-002  0.59645E-002
  0.23595E+002  0.67283E-002  0.71379E-002  0.69394E-002  0.61075E-002
  0.23630E+002  0.67198E-002  0.70286E-002  0.68818E-002  0.62489E-002
  0.23665E+002  0.66918E-002  0.68969E-002  0.68027E-002  0.63760E-002
  0.23700E+002  0.66420E-002  0.67468E-002  0.67029E-002  0.64762E-002
  0.23735E+002  0.65683E-002  0.65824E-002  0.65835E-002  0.65389E-002
  0.23770E+002  0.64701E-002  0.64075E-002  0.64463E-002  0.65563E-002
  0.23805E+002  0.63482E-002  0.62260E-002  0.62938E-002  0.65248E-002
  0.23840E+002  0.62053E-002  0.60416E-002  0.61294E-002  0.64449E-002
  0.23875E+002  0.60453E-002  0.58579E-002  0.59570E-002  0.63211E-002
  0.23910E+002  0.58732E-002  0.56781E-002  0.57808E-002  0.61608E-002
  0.23945E+002  0.56944E-002  0.55047E-002  0.56051E-002  0.59734E-002
  0.23980E+002  0.55139E-002  0.53396E-002  0.54333E-002  0.57688E-002
  0.24015E+002  0.53361E-002  0.51838E-002  0.52681E-002  0.55566E-002
  0.24050E+002  0.51644E-002  0.50372E-002  0.51111E-002  0.53451E-002
  0.24085E+002  0.50009E-002  0.48991E-002  0.49628E-002  0.51409E-002
  0.24120E+002  0.48466E-002  0.47684E-002  0.48227E-002  0.49489E-002
  0.24155E+002  0.47015E-002  0.46431E-002  0.46896E-002  0.47719E-002
  0.24190E+002  0.45649E-002  0.45216E-002  0.45618E-002  0.46115E-002
  0.24225E+002  0.44356E-002  0.44018E-002  0.44371E-002  0.44679E-002
  0.24260E+002  0.43122E-002  0.42822E-002  0.43136E-002  0.43406E-002
  0.24295E+002  0.41932E-002  0.41615E-002  0.41897E-002  0.42285E-002
  0.24330E+002  0.40778E-002  0.40389E-002  0.40642E-002  0.41302E-002
  0.24365E+002  0.39652E-002  0.39144E-002  0.39369E-002  0.40442E-002
  0.24400E+002  0.38555E-002  0.37887E-002  0.38086E-002  0.39692E-002
  0.24435E+002  0.37492E-002  0.36633E-002  0.36808E-002  0.39035E-002
  0.24470E+002  0.36473E-002  0.35400E-002  0.35561E-002  0.38456E-002
  0.24505E+002  0.35508E-002  0.34213E-002  0.34372E-002  0.37939E-002
  0.24540E+002  0.34608E-002  0.33091E-002  0.33270E-002  0.37464E-002
  0.24575E+002  0.33778E-002  0.32052E-002  0.32274E-002  0.37009E-002
  0.24610E+002  0.33015E-002  0.31101E-002  0.31396E-002  0.36548E-002
  0.24645E+002  0.32308E-002  0.30236E-002  0.30632E-002  0.36056E-002
  0.24680E+002  0.31638E-002  0.29443E-002  0.29965E-002  0.35505E-002
  0.24715E+002  0.30979E-002  0.28699E-002  0.29366E-002  0.34872E-002
  0.24750E+002  0.30303E-002  0.27976E-002  0.28799E-002  0.34135E-002
  0.24785E+002  0.29583E-002  0.27246E-002  0.28223E-002  0.33280E-002
  0.24820E+002  0.28796E-002  0.26488E-002  0.27604E-002  0.32297E-002
  0.24855E+002  0.27931E-002  0.25687E-002  0.26916E-002  0.31188E-002
  0.24890E+002  0.26985E-002  0.24843E-002  0.26149E-002  0.29963E-002
  0.24925E+002  0.25973E-002  0.23969E-002  0.25307E-002  0.28643E-002
  0.24960E+002  0.24919E-002  0.23088E-002  0.24409E-002  0.27259E-002
  0.24995E+002  0.23857E-002  0.22234E-002  0.23487E-002  0.25850E-002
  0.25030E+002  0.22828E-002  0.21441E-002  0.22583E-002  0.24459E-002
  0.25065E+002  0.21872E-002  0.20746E-002  0.21737E-002  0.23133E-002
  0.25100E+002  0.21024E-002  0.20175E-002  0.20986E-002  0.21912E-002
  0.25135E+002  0.20310E-002  0.19743E-002  0.20358E-002  0.20830E-002
  0.25170E+002  0.19743E-002  0.19452E-002  0.19868E-002  0.19908E-002
  0.25205E+002  0.19320E-002  0.19290E-002  0.19516E-002  0.19154E-002
  0.25240E+002  0.19026E-002  0.19232E-002  0.19286E-002  0.18561E-002
  0.25275E+002  0.18834E-002  0.19243E-002  0.19153E-002  0.18107E-002
  0.25310E+002  0.18711E-002  0.19285E-002  0.19083E-002  0.17764E-002
  0.25345E+002  0.18621E-002  0.19322E-002  0.19043E-002  0.17498E-002
  0.25380E+002  0.18532E-002  0.19323E-002  0.18998E-002  0.17275E-002
  0.25415E+002  0.18419E-002  0.19265E-002  0.18924E-002  0.17069E-002
  0.25450E+002  0.18269E-002  0.19142E-002  0.18805E-002  0.16861E-002
  0.25485E+002  0.18080E-002  0.18956E-002  0.18639E-002  0.16644E-002
  0.25520E+002  0.17861E-002  0.18726E-002  0.18433E-002  0.16424E-002
  0.25555E+002  0.17632E-002  0.18475E-002  0.18205E-002  0.16215E-002
  0.25590E+002  0.17419E-002  0.18236E-002  0.17981E-002  0.16040E-002
  0.25625E+002  0.17251E-002  0.18040E-002  0.17787E-002  0.15925E-002
  0.25660E+002  0.17154E-002  0.17916E-002  0.17651E-002  0.15894E-002
  0.25695E+002  0.17150E-002  0.17888E-002  0.17596E-002  0.15964E-002
  0.25730E+002  0.17251E-002  0.17968E-002  0.17639E-002  0.16145E-002
  0.25765E+002  0.17460E-002  0.18159E-002  0.17784E-002  0.16435E-002
  0.25800E+002  0.17768E-002  0.18454E-002  0.18030E-002  0.16819E-002
  0.25835E+002  0.18155E-002  0.18832E-002  0.18361E-002  0.17272E-002
  0.25870E+002  0.18594E-002  0.19268E-002  0.18754E-002  0.17760E-002
  0.25905E+002  0.19050E-002  0.19728E-002  0.19178E-002  0.18244E-002
  0.25940E+002  0.19486E-002  0.20175E-002  0.19599E-002  0.18684E-002
  0.25975E+002  0.19866E-002  0.20572E-002  0.19982E-002  0.19045E-002
  0.26010E+002  0.20159E-002  0.20886E-002  0.20291E-002  0.19299E-002
  0.26045E+002  0.20340E-002  0.21091E-002  0.20501E-002  0.19429E-002
  0.26080E+002  0.20396E-002  0.21166E-002  0.20591E-002  0.19433E-002
  0.26115E+002  0.20325E-002  0.21104E-002  0.20554E-002  0.19318E-002
  0.26150E+002  0.20135E-002  0.20906E-002  0.20391E-002  0.19106E-002
  0.26185E+002  0.19842E-002  0.20585E-002  0.20116E-002  0.18826E-002
  0.26220E+002  0.19474E-002  0.20162E-002  0.19749E-002  0.18510E-002
  0.26255E+002  0.19059E-002  0.19666E-002  0.19318E-002  0.18191E-002
  0.26290E+002  0.18628E-002  0.19131E-002  0.18855E-002  0.17899E-002
  0.26325E+002  0.18214E-002  0.18592E-002  0.18392E-002  0.17657E-002
  0.26360E+002  0.17843E-002  0.18086E-002  0.17962E-002  0.17482E-002
  0.26395E+002  0.17540E-002  0.17646E-002  0.17593E-002  0.17381E-002
  0.26430E+002  0.17323E-002  0.17303E-002  0.17313E-002  0.17355E-002
  0.26465E+002  0.17208E-002  0.17082E-002  0.17142E-002  0.17400E-002
  0.26500E+002  0.17202E-002  0.17001E-002  0.17096E-002  0.17510E-002
  0.26535E+002  0.17310E-002  0.17071E-002  0.17185E-002  0.17676E-002
  0.26570E+002  0.17531E-002  0.17294E-002  0.17412E-002  0.17888E-002
  0.26605E+002  0.17859E-002  0.17664E-002  0.17772E-002  0.18141E-002
  0.26640E+002  0.18283E-002  0.18167E-002  0.18253E-002  0.18427E-002
  0.26675E+002  0.18787E-002  0.18783E-002  0.18835E-002  0.18743E-002
  0.26710E+002  0.19354E-002  0.19484E-002  0.19494E-002  0.19084E-002
  0.26745E+002  0.19961E-002  0.20239E-002  0.20201E-002  0.19444E-002
  0.26780E+002  0.20584E-002  0.21012E-002  0.20922E-002  0.19817E-002
  0.26815E+002  0.21195E-002  0.21768E-002  0.21624E-002  0.20194E-002
  0.26850E+002  0.21770E-002  0.22470E-002  0.22275E-002  0.20564E-002
  0.26885E+002  0.22282E-002  0.23086E-002  0.22845E-002  0.20914E-002
  0.26920E+002  0.22710E-002  0.23586E-002  0.23310E-002  0.21233E-002
  0.26955E+002  0.23036E-002  0.23947E-002  0.23653E-002  0.21508E-002
  0.26990E+002  0.23250E-002  0.24155E-002  0.23862E-002  0.21734E-002
  0.27025E+002  0.23351E-002  0.24208E-002  0.23937E-002  0.21909E-002
  0.27060E+002  0.23345E-002  0.24111E-002  0.23884E-002  0.22040E-002
  0.27095E+002  0.23246E-002  0.23880E-002  0.23718E-002  0.22140E-002
  0.27130E+002  0.23075E-002  0.23539E-002  0.23460E-002  0.22228E-002
  0.27165E+002  0.22857E-002  0.23116E-002  0.23132E-002  0.22323E-002
  0.27200E+002  0.22614E-002  0.22641E-002  0.22759E-002  0.22441E-002
  0.27235E+002  0.22366E-002  0.22141E-002  0.22363E-002  0.22595E-002
  0.27270E+002  0.22128E-002  0.21639E-002  0.21959E-002  0.22786E-002
  0.27305E+002  0.21906E-002  0.21151E-002  0.21563E-002  0.23003E-002
  0.27340E+002  0.21699E-002  0.20689E-002  0.21182E-002  0.23227E-002
  0.27375E+002  0.21504E-002  0.20260E-002  0.20821E-002  0.23431E-002
  0.27410E+002  0.21312E-002  0.19867E-002  0.20484E-002  0.23585E-002
  0.27445E+002  0.21116E-002  0.19514E-002  0.20175E-002  0.23660E-002
  0.27480E+002  0.20912E-002  0.19206E-002  0.19896E-002  0.23635E-002
  0.27515E+002  0.20700E-002  0.18946E-002  0.19654E-002  0.23499E-002
  0.27550E+002  0.20483E-002  0.18742E-002  0.19454E-002  0.23254E-002
  0.27585E+002  0.20273E-002  0.18598E-002  0.19303E-002  0.22918E-002
  0.27620E+002  0.20082E-002  0.18521E-002  0.19206E-002  0.22518E-002
  0.27655E+002  0.19924E-002  0.18512E-002  0.19168E-002  0.22093E-002
  0.27690E+002  0.19815E-002  0.18570E-002  0.19189E-002  0.21684E-002
  0.27725E+002  0.19765E-002  0.18693E-002  0.19270E-002  0.21333E-002
  0.27760E+002  0.19783E-002  0.18871E-002  0.19405E-002  0.21073E-002
  0.27795E+002  0.19870E-002  0.19093E-002  0.19588E-002  0.20929E-002
  0.27830E+002  0.20021E-002  0.19344E-002  0.19808E-002  0.20911E-002
  0.27865E+002  0.20225E-002  0.19609E-002  0.20052E-002  0.21014E-002
  0.27900E+002  0.20467E-002  0.19872E-002  0.20307E-002  0.21221E-002
  0.27935E+002  0.20727E-002  0.20120E-002  0.20558E-002  0.21503E-002
  0.27970E+002  0.20988E-002  0.20344E-002  0.20794E-002  0.21826E-002
  0.28005E+002  0.21232E-002  0.20539E-002  0.21004E-002  0.22154E-002
  0.28040E+002  0.21445E-002  0.20701E-002  0.21181E-002  0.22454E-002
  0.28075E+002  0.21617E-002  0.20832E-002  0.21317E-002  0.22701E-002
  0.28110E+002  0.21738E-002  0.20931E-002  0.21409E-002  0.22874E-002
  0.28145E+002  0.21804E-002  0.20997E-002  0.21451E-002  0.22964E-002
  0.28180E+002  0.21809E-002  0.21024E-002  0.21437E-002  0.22966E-002
  0.28215E+002  0.21748E-002  0.21001E-002  0.21361E-002  0.22883E-002
  0.28250E+002  0.21617E-002  0.20917E-002  0.21215E-002  0.22719E-002
  0.28285E+002  0.21411E-002  0.20758E-002  0.20992E-002  0.22483E-002
  0.28320E+002  0.21130E-002  0.20514E-002  0.20691E-002  0.22185E-002
  0.28355E+002  0.20777E-002  0.20181E-002  0.20314E-002  0.21836E-002
  0.28390E+002  0.20360E-002  0.19762E-002  0.19870E-002  0.21449E-002
  0.28425E+002  0.19895E-002  0.19269E-002  0.19376E-002  0.21038E-002
  0.28460E+002  0.19398E-002  0.18724E-002  0.18853E-002  0.20618E-002
  0.28495E+002  0.18893E-002  0.18152E-002  0.18325E-002  0.20202E-002
  0.28530E+002  0.18400E-002  0.17583E-002  0.17817E-002  0.19800E-002
  0.28565E+002  0.17938E-002  0.17044E-002  0.17348E-002  0.19421E-002
  0.28600E+002  0.17521E-002  0.16558E-002  0.16934E-002  0.19070E-002
  0.28635E+002  0.17155E-002  0.16140E-002  0.16581E-002  0.18745E-002
  0.28670E+002  0.16843E-002  0.15797E-002  0.16289E-002  0.18444E-002
  0.28705E+002  0.16580E-002  0.15527E-002  0.16052E-002  0.18162E-002
  0.28740E+002  0.16358E-002  0.15322E-002  0.15859E-002  0.17893E-002
  0.28775E+002  0.16168E-002  0.15172E-002  0.15698E-002  0.17634E-002
  0.28810E+002  0.16002E-002  0.15064E-002  0.15561E-002  0.17382E-002
  0.28845E+002  0.15857E-002  0.14990E-002  0.15442E-002  0.17139E-002
  0.28880E+002  0.15733E-002  0.14945E-002  0.15343E-002  0.16912E-002
  0.28915E+002  0.15636E-002  0.14929E-002  0.15270E-002  0.16709E-002
  0.28950E+002  0.15572E-002  0.14947E-002  0.15232E-002  0.16538E-002
  0.28985E+002  0.15552E-002  0.15006E-002  0.15242E-002  0.16408E-002
  0.29020E+002  0.15580E-002  0.15111E-002  0.15306E-002  0.16321E-002
  0.29055E+002  0.15656E-002  0.15264E-002  0.15428E-002  0.16276E-002
  0.29090E+002  0.15774E-002  0.15459E-002  0.15602E-002  0.16262E-002
  0.29125E+002  0.15921E-002  0.15685E-002  0.15814E-002  0.16264E-002
  0.29160E+002  0.16076E-002  0.15925E-002  0.16043E-002  0.16260E-002
  0.29195E+002  0.16217E-002  0.16157E-002  0.16265E-002  0.16229E-002
  0.29230E+002  0.16323E-002  0.16362E-002  0.16455E-002  0.16152E-002
  0.29265E+002  0.16376E-002  0.16521E-002  0.16591E-002  0.16015E-002
  0.29300E+002  0.16368E-002  0.16626E-002  0.16662E-002  0.15817E-002
  0.29335E+002  0.16301E-002  0.16675E-002  0.16664E-002  0.15563E-002
  0.29370E+002  0.16185E-002  0.16677E-002  0.16607E-002  0.15271E-002
  0.29405E+002  0.16040E-002  0.16649E-002  0.16509E-002  0.14962E-002
  0.29440E+002  0.15893E-002  0.16616E-002  0.16398E-002  0.14665E-002
  0.29475E+002  0.15770E-002  0.16603E-002  0.16302E-002  0.14406E-002
  0.29510E+002  0.15697E-002  0.16633E-002  0.16249E-002  0.14208E-002
  0.29545E+002  0.15689E-002  0.16724E-002  0.16259E-002  0.14085E-002
  0.29580E+002  0.15758E-002  0.16884E-002  0.16346E-002  0.14044E-002
  0.29615E+002  0.15898E-002  0.17107E-002  0.16506E-002  0.14081E-002
  0.29650E+002  0.16097E-002  0.17379E-002  0.16727E-002  0.14184E-002
  0.29685E+002  0.16331E-002  0.17673E-002  0.16986E-002  0.14334E-002
  0.29720E+002  0.16572E-002  0.17957E-002  0.17249E-002  0.14510E-002
  0.29755E+002  0.16789E-002  0.18197E-002  0.17484E-002  0.14687E-002
  0.29790E+002  0.16956E-002  0.18362E-002  0.17660E-002  0.14845E-002
  0.29825E+002  0.17051E-002  0.18432E-002  0.17752E-002  0.14968E-002
  0.29860E+002  0.17063E-002  0.18397E-002  0.17747E-002  0.15045E-002
  0.29895E+002  0.16991E-002  0.18259E-002  0.17644E-002  0.15070E-002
  0.29930E+002  0.16844E-002  0.18036E-002  0.17454E-002  0.15042E-002
  0.29965E+002  0.16637E-002  0.17751E-002  0.17196E-002  0.14964E-002
