# 0.856706 Applied 4.28353 delta # of
-0.50000E+001 5.22088e-294 0.00000E+000 0.14798E-293 0.50228E-293 0.80808E-293 0.11521E-292
-0.49650E+001 3.03288e-291 0.00000E+000 0.86651E-291 0.29242E-290 0.46936E-290 0.66801E-290
-0.49300E+001 1.70876e-288 0.00000E+000 0.49211E-288 0.16511E-287 0.26440E-287 0.37566E-287
-0.48950E+001 9.33716e-286 0.00000E+000 0.27105E-285 0.90413E-285 0.14445E-284 0.20489E-284
-0.48600E+001 4.9483e-283 0.00000E+000 0.14479E-282 0.48018E-282 0.76538E-282 0.10838E-281
-0.48250E+001 2.54327e-280 0.00000E+000 0.75013E-280 0.24733E-279 0.39332E-279 0.55597E-279
-0.47900E+001 1.26776e-277 0.00000E+000 0.37691E-277 0.12355E-276 0.19602E-276 0.27662E-276
-0.47550E+001 6.12912e-275 0.00000E+000 0.18367E-274 0.59859E-274 0.94750E-274 0.13348E-273
-0.47200E+001 2.87381e-272 0.00000E+000 0.86805E-272 0.28126E-271 0.44418E-271 0.62466E-271
-0.46850E+001 1.30686e-269 0.00000E+000 0.39788E-269 0.12817E-268 0.20195E-268 0.28352E-268
-0.46500E+001 5.76368e-267 0.00000E+000 0.17688E-266 0.56649E-266 0.89047E-266 0.12480E-265
-0.46150E+001 2.4654e-264 0.00000E+000 0.76259E-264 0.24282E-263 0.38081E-263 0.53281E-263
-0.45800E+001 1.02275e-261 0.00000E+000 0.31887E-261 0.10094E-260 0.15794E-260 0.22061E-260
-0.45450E+001 4.11502e-259 0.00000E+000 0.12931E-258 0.40699E-258 0.63533E-258 0.88588E-258
-0.45100E+001 1.60576e-256 0.00000E+000 0.50860E-256 0.15915E-255 0.24786E-255 0.34501E-255
-0.44750E+001 6.07712e-254 0.00000E+000 0.19401E-253 0.60355E-253 0.93780E-253 0.13032E-252
-0.44400E+001 2.23056e-251 0.00000E+000 0.71772E-251 0.22199E-250 0.34413E-250 0.47739E-250
-0.44050E+001 7.94038e-249 0.00000E+000 0.25752E-248 0.79187E-248 0.12247E-247 0.16961E-247
-0.43700E+001 2.74144e-246 0.00000E+000 0.89611E-246 0.27396E-245 0.42273E-245 0.58442E-245
-0.43350E+001 9.17948e-244 0.00000E+000 0.30243E-243 0.91921E-243 0.14151E-242 0.19530E-242
-0.43000E+001 2.98112e-241 0.00000E+000 0.98990E-241 0.29913E-240 0.45944E-240 0.63300E-240
-0.42650E+001 9.38962e-239 0.29786E-306 0.31424E-238 0.94407E-238 0.14467E-237 0.19898E-237
-0.42300E+001 2.86824e-236 0.19289E-303 0.96748E-236 0.28897E-235 0.44179E-235 0.60661E-235
-0.41950E+001 8.4977e-234 0.12053E-300 0.28889E-233 0.85786E-233 0.13085E-232 0.17936E-232
-0.41600E+001 2.44166e-231 0.73075E-298 0.83661E-231 0.24699E-230 0.37586E-230 0.51432E-230
-0.41250E+001 6.80432e-229 0.42987E-295 0.23497E-228 0.68969E-228 0.10471E-227 0.14304E-227
-0.40900E+001 1.83909e-226 0.24537E-292 0.64007E-226 0.18678E-225 0.28293E-225 0.38583E-225
-0.40550E+001 4.8208e-224 0.13590E-289 0.16910E-223 0.49059E-223 0.74141E-223 0.10093E-222
-0.40200E+001 1.22562e-221 0.73034E-287 0.43328E-221 0.12497E-220 0.18843E-220 0.25608E-220
-0.39850E+001 3.02202e-219 0.38085E-284 0.10767E-218 0.30875E-218 0.46446E-218 0.63013E-218
-0.39500E+001 7.22682e-217 0.19271E-281 0.25950E-216 0.73981E-216 0.11103E-215 0.15038E-215
-0.39150E+001 1.67617e-214 0.94622E-279 0.60657E-214 0.17192E-213 0.25744E-213 0.34807E-213
-0.38800E+001 3.77048e-212 0.45082E-276 0.13751E-211 0.38749E-211 0.57889E-211 0.78135E-211
-0.38450E+001 8.22596e-210 0.20842E-273 0.30235E-209 0.84703E-209 0.12625E-208 0.17011E-208
-0.38100E+001 1.74055e-207 0.93504E-271 0.64473E-207 0.17957E-206 0.26704E-206 0.35919E-206
-0.37750E+001 3.57192e-205 0.40705E-268 0.13334E-204 0.36923E-204 0.54780E-204 0.73559E-204
-0.37400E+001 7.10934e-203 0.17195E-265 0.26746E-202 0.73631E-202 0.10899E-201 0.14610E-201
-0.37050E+001 1.37238e-200 0.70488E-263 0.52031E-200 0.14241E-199 0.21031E-199 0.28144E-199
-0.36700E+001 2.56938e-198 0.28039E-260 0.98171E-198 0.26713E-197 0.39359E-197 0.52580E-197
-0.36350E+001 4.66546e-196 0.10824E-257 0.17964E-195 0.48597E-195 0.71439E-195 0.95273E-195
-0.36000E+001 8.21638e-194 0.40543E-255 0.31882E-193 0.85747E-193 0.12576E-192 0.16743E-192
-0.35650E+001 1.4034e-191 0.14737E-252 0.54878E-191 0.14674E-190 0.21471E-190 0.28537E-190
-0.35300E+001 2.32485e-189 0.51983E-250 0.91615E-189 0.24354E-188 0.35554E-188 0.47173E-188
-0.34950E+001 3.73528e-187 0.17793E-247 0.14833E-186 0.39202E-186 0.57100E-186 0.75629E-186
-0.34600E+001 5.82066e-185 0.59103E-245 0.23293E-184 0.61201E-184 0.88939E-184 0.11760E-183
-0.34250E+001 8.79706e-183 0.19051E-242 0.35476E-182 0.92667E-182 0.13436E-181 0.17735E-181
-0.33900E+001 1.28947e-180 0.59588E-240 0.52403E-180 0.13608E-179 0.19686E-179 0.25939E-179
-0.33550E+001 1.83319e-178 0.18087E-237 0.75073E-178 0.19382E-177 0.27973E-177 0.36797E-177
-0.33200E+001 2.52768e-176 0.53273E-235 0.10431E-175 0.26774E-175 0.38553E-175 0.50626E-175
-0.32850E+001 3.3803e-174 0.15227E-232 0.14057E-173 0.35870E-173 0.51533E-173 0.67555E-173
-0.32500E+001 4.38442e-172 0.42233E-230 0.18373E-171 0.46610E-171 0.66809E-171 0.87429E-171
-0.32150E+001 5.51546e-170 0.11367E-227 0.23290E-169 0.58740E-169 0.84003E-169 0.10974E-168
-0.31800E+001 6.72942e-168 0.29688E-225 0.28634E-167 0.71797E-167 0.10244E-166 0.13360E-166
-0.31450E+001 7.96314e-166 0.75240E-223 0.34144E-165 0.85113E-165 0.12116E-164 0.15774E-164
-0.31100E+001 9.13952e-164 0.18504E-220 0.39487E-163 0.97859E-163 0.13899E-162 0.18064E-162
-0.30750E+001 1.01738e-161 0.44157E-218 0.44292E-161 0.10913E-160 0.15464E-160 0.20063E-160
-0.30400E+001 1.09839e-159 0.10225E-215 0.48185E-159 0.11802E-158 0.16687E-158 0.21612E-158
-0.30050E+001 1.15016e-157 0.22977E-213 0.50842E-157 0.12380E-156 0.17464E-156 0.22580E-156
-0.29700E+001 1.16812e-155 0.50098E-211 0.52029E-155 0.12596E-154 0.17727E-154 0.22880E-154
-0.29350E+001 1.15064e-153 0.10599E-208 0.51641E-153 0.12429E-152 0.17452E-152 0.22487E-152
-0.29000E+001 1.09931e-151 0.21760E-206 0.49713E-151 0.11895E-150 0.16664E-150 0.21435E-150
-0.28650E+001 1.01863e-149 0.43345E-204 0.46415E-149 0.11041E-148 0.15433E-148 0.19816E-148
-0.28300E+001 9.15476e-148 0.83780E-202 0.42032E-147 0.99396E-147 0.13862E-146 0.17769E-146
-0.27950E+001 7.97988e-146 0.15712E-199 0.36916E-145 0.86788E-145 0.12076E-144 0.15453E-144
-0.27600E+001 6.74652e-144 0.28593E-197 0.31447E-143 0.73499E-143 0.10204E-142 0.13034E-142
-0.27250E+001 5.53208e-142 0.50485E-195 0.25982E-141 0.60370E-141 0.83622E-141 0.10663E-140
-0.26900E+001 4.39986e-140 0.86489E-193 0.20821E-139 0.48094E-139 0.66467E-139 0.84611E-139
-0.26550E+001 3.394e-138 0.14376E-190 0.16182E-137 0.37161E-137 0.51241E-137 0.65116E-137
-0.26200E+001 2.53932e-136 0.23186E-188 0.12199E-135 0.27849E-135 0.38314E-135 0.48604E-135
-0.25850E+001 1.84272e-134 0.36281E-186 0.89191E-134 0.20243E-133 0.27786E-133 0.35188E-133
-0.25500E+001 1.29698e-132 0.55082E-184 0.63250E-132 0.14271E-131 0.19545E-131 0.24708E-131
-0.25150E+001 8.85388e-131 0.81136E-182 0.43503E-130 0.97581E-130 0.13334E-129 0.16827E-129
-0.24800E+001 5.86236e-129 0.11595E-179 0.29022E-128 0.64715E-128 0.88231E-128 0.11115E-127
-0.24450E+001 3.76492e-127 0.16077E-177 0.18778E-126 0.41628E-126 0.56626E-126 0.71214E-126
-0.24100E+001 2.34516e-125 0.21627E-175 0.11785E-124 0.25971E-124 0.35249E-124 0.44253E-124
-0.23750E+001 1.41687e-123 0.28226E-173 0.71733E-123 0.15716E-122 0.21282E-122 0.26672E-122
-0.23400E+001 8.3028e-122 0.35738E-171 0.42350E-121 0.92240E-121 0.12463E-120 0.15592E-120
-0.23050E+001 4.71906e-120 0.43901E-169 0.24251E-119 0.52509E-119 0.70787E-119 0.88406E-119
-0.22700E+001 2.60156e-118 0.52317E-167 0.13469E-117 0.28993E-117 0.38997E-117 0.48619E-117
-0.22350E+001 1.3911e-116 0.60486E-165 0.72561E-116 0.15527E-115 0.20838E-115 0.25934E-115
-0.22000E+001 7.21474e-115 0.67842E-163 0.37914E-114 0.80653E-114 0.10800E-113 0.13417E-113
-0.21650E+001 3.62938e-113 0.73818E-161 0.19215E-112 0.40635E-112 0.54288E-112 0.67331E-112
-0.21300E+001 1.77089e-111 0.77921E-159 0.94453E-111 0.19857E-110 0.26470E-110 0.32772E-110
-0.20950E+001 8.3811e-110 0.79793E-157 0.45035E-109 0.94120E-109 0.12518E-108 0.15472E-108
-0.20600E+001 3.8473e-108 0.79267E-155 0.20827E-107 0.43270E-107 0.57422E-107 0.70846E-107
-0.20250E+001 1.71304e-106 0.76388E-153 0.93420E-106 0.19295E-105 0.25549E-105 0.31466E-105
-0.19900E+001 7.39842e-105 0.71412E-151 0.40646E-104 0.83455E-104 0.11026E-103 0.13556E-103
-0.19550E+001 3.09918e-103 0.64762E-149 0.17153E-102 0.35011E-102 0.46152E-102 0.56643E-102
-0.19200E+001 1.25926e-101 0.56973E-147 0.70212E-101 0.14247E-100 0.18738E-100 0.22957E-100
-0.18850E+001 4.96308e-100 0.48619E-145 0.27877E-099 0.56231E-099 0.73794E-099 0.90252E-099
-0.18500E+001 1.89732e-98 0.40248E-143 0.10736E-097 0.21527E-097 0.28188E-097 0.34415E-097
-0.18150E+001 7.03546e-97 0.32320E-141 0.40103E-096 0.79940E-096 0.10444E-095 0.12729E-095
-0.17800E+001 2.5305e-95 0.25176E-139 0.14530E-094 0.28794E-094 0.37535E-094 0.45666E-094
-0.17450E+001 8.82854e-94 0.19023E-137 0.51067E-093 0.10060E-092 0.13085E-092 0.15891E-092
-0.17100E+001 2.9877e-92 0.13943E-135 0.17409E-091 0.34091E-091 0.44245E-091 0.53640E-091
-0.16750E+001 9.8073e-91 0.99135E-134 0.57565E-090 0.11206E-089 0.14512E-089 0.17562E-089
-0.16400E+001 3.12276e-89 0.68370E-132 0.18464E-088 0.35731E-088 0.46168E-088 0.55775E-088
-0.16050E+001 9.6449e-88 0.45737E-130 0.57445E-087 0.11051E-086 0.14247E-086 0.17182E-086
-0.15700E+001 2.88956e-86 0.29679E-128 0.17336E-085 0.33153E-085 0.42647E-085 0.51342E-085
-0.15350E+001 8.39724e-85 0.18681E-126 0.50748E-084 0.96474E-084 0.12383E-083 0.14881E-083
-0.15000E+001 2.36718e-83 0.11405E-124 0.14410E-082 0.27232E-082 0.34877E-082 0.41840E-082
-0.14650E+001 6.47298e-82 0.67543E-123 0.39691E-081 0.74563E-081 0.95285E-081 0.11411E-080
-0.14300E+001 1.71696e-80 0.38799E-121 0.10605E-079 0.19804E-079 0.25252E-079 0.30187E-079
-0.13950E+001 4.4177e-79 0.21618E-119 0.27485E-078 0.51021E-078 0.64915E-078 0.77464E-078
-0.13600E+001 1.10262e-77 0.11683E-117 0.69098E-077 0.12751E-076 0.16187E-076 0.19283E-076
-0.13250E+001 2.66958e-76 0.61246E-116 0.16851E-075 0.30911E-075 0.39156E-075 0.46561E-075
-0.12900E+001 6.26984e-75 0.31142E-114 0.39863E-074 0.72691E-074 0.91878E-074 0.10906E-073
-0.12550E+001 1.42845e-73 0.15359E-112 0.91477E-073 0.16582E-072 0.20913E-072 0.24780E-072
-0.12200E+001 3.157e-72 0.73473E-111 0.20363E-071 0.36693E-071 0.46176E-071 0.54618E-071
-0.11850E+001 6.7684e-71 0.34092E-109 0.43973E-070 0.78764E-070 0.98903E-070 0.11678E-069
-0.11500E+001 1.40766e-69 0.15343E-107 0.92112E-069 0.16401E-068 0.20550E-068 0.24221E-068
-0.11150E+001 2.84004e-68 0.66977E-106 0.18718E-067 0.33130E-067 0.41420E-067 0.48734E-067
-0.10800E+001 5.55844e-67 0.28359E-104 0.36898E-066 0.64919E-066 0.80986E-066 0.95119E-066
-0.10450E+001 1.05536e-65 0.11646E-102 0.70559E-065 0.12341E-064 0.15361E-064 0.18010E-064
-0.10100E+001 1.94384e-64 0.46392E-101 0.13089E-063 0.22757E-063 0.28265E-063 0.33081E-063
-0.97500E+000 3.4733e-63 0.17924E-099 0.23556E-062 0.40710E-062 0.50454E-062 0.58945E-062
-0.94000E+000 6.02064e-62 0.67169E-098 0.41124E-061 0.70648E-061 0.87370E-061 0.10189E-060
-0.90500E+000 1.01246e-60 0.24414E-096 0.69650E-060 0.11894E-059 0.14677E-059 0.17087E-059
-0.87000E+000 1.65174e-59 0.86072E-095 0.11444E-058 0.19426E-058 0.23920E-058 0.27797E-058
-0.83500E+000 2.61414e-58 0.29432E-093 0.18241E-057 0.30779E-057 0.37818E-057 0.43869E-057
-0.80000E+000 4.01382e-57 0.97615E-092 0.28206E-056 0.47312E-056 0.58005E-056 0.67168E-056
-0.76500E+000 5.97902e-56 0.31402E-090 0.42315E-055 0.70554E-055 0.86312E-055 0.99770E-055
-0.73000E+000 8.6405e-55 0.97979E-089 0.61585E-054 0.10207E-053 0.12460E-053 0.14377E-053
-0.69500E+000 1.21145e-53 0.29652E-087 0.86957E-053 0.14326E-052 0.17451E-052 0.20100E-052
-0.66000E+000 1.64788e-52 0.87037E-086 0.11912E-051 0.19508E-051 0.23711E-051 0.27263E-051
-0.62500E+000 2.17466e-51 0.24780E-084 0.15831E-050 0.25772E-050 0.31256E-050 0.35874E-050
-0.59000E+000 2.78436e-50 0.68428E-083 0.20412E-049 0.33031E-049 0.39975E-049 0.45800E-049
-0.55500E+000 3.45874e-49 0.18328E-081 0.25534E-048 0.41074E-048 0.49601E-048 0.56728E-048
-0.52000E+000 4.16854e-48 0.47613E-080 0.30991E-047 0.49554E-047 0.59712E-047 0.68170E-047
-0.48500E+000 4.8744e-47 0.11997E-078 0.36493E-046 0.58003E-046 0.69743E-046 0.79481E-046
-0.45000E+000 5.53014e-46 0.29320E-077 0.41692E-045 0.65872E-045 0.79033E-045 0.89910E-045
-0.41500E+000 6.08742e-45 0.69503E-076 0.46214E-044 0.72582E-044 0.86896E-044 0.98679E-044
-0.38000E+000 6.50154e-44 0.15980E-074 0.49703E-043 0.77596E-043 0.92698E-043 0.10508E-042
-0.34500E+000 6.7374e-43 0.35637E-073 0.51865E-042 0.80488E-042 0.95947E-042 0.10857E-041
-0.31000E+000 6.77432e-42 0.77083E-072 0.52512E-041 0.81007E-041 0.96357E-041 0.10884E-040
-0.27500E+000 6.6091e-41 0.16172E-070 0.51587E-040 0.79105E-040 0.93893E-040 0.10587E-039
-0.24000E+000 6.25646e-40 0.32909E-069 0.49173E-039 0.74954E-039 0.88773E-039 0.99923E-039
-0.20500E+000 5.7468e-39 0.64954E-068 0.45480E-038 0.68912E-038 0.81441E-038 0.91507E-038
-0.17000E+000 5.12202e-38 0.12435E-066 0.40816E-037 0.61476E-037 0.72496E-037 0.81313E-037
-0.13500E+000 4.42976e-37 0.23091E-065 0.35543E-036 0.53215E-036 0.62619E-036 0.70111E-036
-0.10000E+000 3.7175e-36 0.41589E-064 0.30033E-035 0.44698E-035 0.52484E-035 0.58660E-035
-0.65000E-001 3.0273e-35 0.72655E-063 0.24625E-034 0.36431E-034 0.42685E-034 0.47624E-034
-0.30000E-001 2.39224e-34 0.12311E-061 0.19593E-033 0.28814E-033 0.33687E-033 0.37518E-033
0.50000E-002 1.83442e-33 0.20235E-060 0.15127E-032 0.22114E-032 0.25798E-032 0.28682E-032
0.40000E-001 1.36508e-32 0.32259E-059 0.11334E-031 0.16470E-031 0.19172E-031 0.21278E-031
0.75000E-001 9.85744e-32 0.49884E-058 0.82402E-031 0.11903E-030 0.13826E-030 0.15318E-030
0.11000E+000 6.90794e-31 0.74822E-057 0.58139E-030 0.83485E-030 0.96763E-030 0.10701E-029
0.14500E+000 4.69802e-30 0.10886E-055 0.39808E-029 0.56823E-029 0.65718E-029 0.72552E-029
0.18000E+000 3.10068e-29 0.15362E-054 0.26451E-028 0.37534E-028 0.43314E-028 0.47735E-028
0.21500E+000 1.98606e-28 0.21028E-053 0.17057E-027 0.24060E-027 0.27706E-027 0.30480E-027
0.25000E+000 1.2346e-27 0.27921E-052 0.10675E-026 0.14968E-026 0.17199E-026 0.18888E-026
0.28500E+000 7.4487e-27 0.35961E-051 0.64838E-026 0.90377E-026 0.10362E-025 0.11360E-025
0.32000E+000 4.3615e-26 0.44927E-050 0.38221E-025 0.52960E-025 0.60587E-025 0.66307E-025
0.35500E+000 2.4787e-25 0.54445E-049 0.21867E-024 0.30121E-024 0.34383E-024 0.37564E-024
0.39000E+000 1.36726e-24 0.64001E-048 0.12143E-023 0.16627E-023 0.18938E-023 0.20655E-023
0.42500E+000 7.32018e-24 0.72979E-047 0.65445E-023 0.89084E-023 0.10125E-022 0.11023E-022
0.46000E+000 3.804e-23 0.80722E-046 0.34236E-022 0.46327E-022 0.52537E-022 0.57100E-022
0.49500E+000 1.9188e-22 0.86613E-045 0.17384E-021 0.23385E-021 0.26461E-021 0.28710E-021
0.53000E+000 9.39506e-22 0.90150E-044 0.85683E-021 0.11458E-020 0.12937E-020 0.14012E-020
0.56500E+000 4.46534e-21 0.91021E-043 0.40994E-020 0.54496E-020 0.61394E-020 0.66383E-020
0.60000E+000 2.0602e-20 0.89151E-042 0.19038E-019 0.25160E-019 0.28283E-019 0.30529E-019
0.63500E+000 9.22746e-20 0.84705E-041 0.85833E-019 0.11277E-018 0.12648E-018 0.13629E-018
0.67000E+000 4.01214e-19 0.78074E-040 0.37566E-018 0.49064E-018 0.54909E-018 0.59068E-018
0.70500E+000 1.6936e-18 0.69810E-039 0.15961E-017 0.20724E-017 0.23142E-017 0.24853E-017
0.74000E+000 6.94078e-18 0.60555E-038 0.65841E-017 0.84987E-017 0.94691E-017 0.10152E-016
0.77500E+000 2.76164e-17 0.50957E-037 0.26368E-016 0.33837E-016 0.37616E-016 0.40261E-016
0.81000E+000 1.0669e-16 0.41599E-036 0.10253E-015 0.13080E-015 0.14509E-015 0.15503E-015
0.84500E+000 4.00192e-16 0.32946E-035 0.38708E-015 0.49093E-015 0.54335E-015 0.57960E-015
0.88000E+000 1.45762e-15 0.25314E-034 0.14190E-014 0.17892E-014 0.19758E-014 0.21041E-014
0.91500E+000 5.15526e-15 0.18870E-033 0.50510E-014 0.63317E-014 0.69764E-014 0.74172E-014
0.95000E+000 1.7706e-14 0.13647E-032 0.17460E-013 0.21759E-013 0.23921E-013 0.25390E-013
0.98500E+000 5.90568e-14 0.95752E-032 0.58608E-013 0.72617E-013 0.79653E-013 0.84406E-013
0.10200E+001 1.91298e-13 0.65182E-031 0.19106E-012 0.23535E-012 0.25758E-012 0.27250E-012
0.10550E+001 6.01842e-13 0.43051E-030 0.60492E-012 0.74085E-012 0.80899E-012 0.85445E-012
0.10900E+001 1.83904e-12 0.27588E-029 0.18602E-011 0.22650E-011 0.24678E-011 0.26022E-011
0.11250E+001 5.45846e-12 0.17153E-028 0.55561E-011 0.67263E-011 0.73120E-011 0.76979E-011
0.11600E+001 1.57376e-11 0.10348E-027 0.16120E-010 0.19403E-010 0.21045E-010 0.22120E-010
0.11950E+001 4.40792e-11 0.60572E-027 0.45434E-010 0.54373E-010 0.58841E-010 0.61748E-010
0.12300E+001 1.19942e-10 0.34403E-026 0.12440E-009 0.14803E-009 0.15983E-009 0.16745E-009
0.12650E+001 3.17088e-10 0.18961E-025 0.33092E-009 0.39152E-009 0.42179E-009 0.44121E-009
0.13000E+001 8.14498e-10 0.10140E-024 0.85529E-009 0.10062E-008 0.10815E-008 0.11295E-008
0.13350E+001 2.033e-09 0.52619E-024 0.21480E-008 0.25126E-008 0.26946E-008 0.28098E-008
0.13700E+001 4.93102e-09 0.26497E-023 0.52418E-008 0.60971E-008 0.65239E-008 0.67923E-008
0.14050E+001 1.16234e-08 0.12949E-022 0.12431E-007 0.14379E-007 0.15350E-007 0.15957E-007
0.14400E+001 2.66294e-08 0.61406E-022 0.28653E-007 0.32956E-007 0.35103E-007 0.36435E-007
0.14750E+001 5.92976e-08 0.28260E-021 0.64187E-007 0.73417E-007 0.78024E-007 0.80860E-007
0.15100E+001 1.28354e-07 0.12622E-020 0.13977E-006 0.15898E-006 0.16858E-006 0.17444E-006
0.15450E+001 2.70084e-07 0.54714E-020 0.29584E-006 0.33468E-006 0.35407E-006 0.36583E-006
0.15800E+001 5.52518e-07 0.23018E-019 0.60877E-006 0.68495E-006 0.72299E-006 0.74588E-006
0.16150E+001 1.09896e-06 0.93990E-019 0.12179E-005 0.13629E-005 0.14354E-005 0.14786E-005
0.16500E+001 2.12544e-06 0.37250E-018 0.23691E-005 0.26371E-005 0.27708E-005 0.28502E-005
0.16850E+001 3.99724e-06 0.14330E-017 0.44809E-005 0.49615E-005 0.52014E-005 0.53424E-005
0.17200E+001 7.31078e-06 0.53508E-017 0.82418E-005 0.90781E-005 0.94953E-005 0.97387E-005
0.17550E+001 1.30042e-05 0.19395E-016 0.14742E-004 0.16155E-004 0.16858E-004 0.17266E-004
0.17900E+001 2.24986e-05 0.68244E-016 0.25646E-004 0.27961E-004 0.29112E-004 0.29774E-004
0.18250E+001 3.78616e-05 0.23311E-015 0.43393E-004 0.47074E-004 0.48900E-004 0.49941E-004
0.18600E+001 6.198e-05 0.77306E-015 0.71416E-004 0.77094E-004 0.79902E-004 0.81488E-004
0.18950E+001 9.8704e-05 0.24890E-014 0.11433E-003 0.12283E-003 0.12701E-003 0.12935E-003
0.19300E+001 0.000152922 0.77808E-014 0.17806E-003 0.19038E-003 0.19641E-003 0.19976E-003
0.19650E+001 0.000230504 0.23618E-013 0.26976E-003 0.28711E-003 0.29551E-003 0.30014E-003
0.20000E+001 0.000338056 0.69613E-013 0.39761E-003 0.42128E-003 0.43260E-003 0.43879E-003
0.20350E+001 0.0004824 0.19926E-012 0.57017E-003 0.60146E-003 0.61620E-003 0.62417E-003
0.20700E+001 0.000669818 0.55389E-012 0.79549E-003 0.83558E-003 0.85405E-003 0.86397E-003
0.21050E+001 0.00090498 0.14954E-011 0.10798E-002 0.11296E-002 0.11518E-002 0.11637E-002
0.21400E+001 0.00118982 0.39218E-011 0.14262E-002 0.14860E-002 0.15117E-002 0.15252E-002
0.21750E+001 0.0015222 0.99907E-011 0.18328E-002 0.19022E-002 0.19306E-002 0.19454E-002
0.22100E+001 0.00189508 0.24726E-010 0.22917E-002 0.23697E-002 0.23993E-002 0.24147E-002
0.22450E+001 0.00229584 0.59458E-010 0.27881E-002 0.28728E-002 0.29017E-002 0.29166E-002
0.22800E+001 0.00270662 0.13893E-009 0.33005E-002 0.33892E-002 0.34151E-002 0.34283E-002
0.23150E+001 0.00310502 0.31550E-009 0.38014E-002 0.38910E-002 0.39112E-002 0.39215E-002
0.23500E+001 0.00346632 0.69637E-009 0.42601E-002 0.43472E-002 0.43591E-002 0.43652E-002
0.23850E+001 0.00376558 0.14942E-008 0.46451E-002 0.47264E-002 0.47278E-002 0.47286E-002
0.24200E+001 0.0039808 0.31172E-008 0.49282E-002 0.50009E-002 0.49901E-002 0.49848E-002
0.24550E+001 0.00409552 0.63239E-008 0.50876E-002 0.51497E-002 0.51259E-002 0.51144E-002
0.24900E+001 0.00410118 0.12478E-007 0.51113E-002 0.51617E-002 0.51252E-002 0.51077E-002
0.25250E+001 0.00399858 0.23953E-007 0.49988E-002 0.50375E-002 0.49897E-002 0.49669E-002
0.25600E+001 0.00379803 0.44740E-007 0.47616E-002 0.47895E-002 0.47329E-002 0.47061E-002
0.25950E+001 0.00351878 0.81333E-007 0.44227E-002 0.44416E-002 0.43793E-002 0.43502E-002
0.26300E+001 0.00318705 0.14394E-006 0.40140E-002 0.40263E-002 0.39622E-002 0.39326E-002
0.26650E+001 0.00283401 0.24806E-006 0.35740E-002 0.35826E-002 0.35208E-002 0.34924E-002
0.27000E+001 0.00249326 0.41640E-006 0.31447E-002 0.31525E-002 0.30970E-002 0.30717E-002
0.27350E+001 0.00219878 0.68106E-006 0.27686E-002 0.27786E-002 0.27333E-002 0.27127E-002
0.27700E+001 0.0019832 0.10857E-005 0.24869E-002 0.25020E-002 0.24703E-002 0.24557E-002
0.28050E+001 0.00187684 0.16874E-005 0.23380E-002 0.23607E-002 0.23457E-002 0.23381E-002
0.28400E+001 0.00190673 0.25579E-005 0.23564E-002 0.23888E-002 0.23930E-002 0.23929E-002
0.28750E+001 0.00209644 0.37832E-005 0.25723E-002 0.26158E-002 0.26413E-002 0.26490E-002
0.29100E+001 0.00246523 0.54616E-005 0.30108E-002 0.30661E-002 0.31143E-002 0.31295E-002
0.29450E+001 0.00302716 0.76992E-005 0.36909E-002 0.37574E-002 0.38288E-002 0.38510E-002
0.29800E+001 0.0037897 0.10604E-004 0.46235E-002 0.46993E-002 0.47935E-002 0.48216E-002
0.30150E+001 0.00475214 0.14275E-004 0.58095E-002 0.58913E-002 0.60065E-002 0.60391E-002
0.30500E+001 0.0059038 0.18799E-004 0.72374E-002 0.73205E-002 0.74533E-002 0.74890E-002
0.30850E+001 0.00722287 0.24235E-004 0.88815E-002 0.89603E-002 0.91056E-002 0.91427E-002
0.31200E+001 0.00867612 0.30617E-004 0.10701E-001 0.10770E-001 0.10921E-001 0.10958E-001
0.31550E+001 0.0102188 0.37957E-004 0.12640E-001 0.12695E-001 0.12843E-001 0.12878E-001
0.31900E+001 0.0117979 0.46258E-004 0.14631E-001 0.14669E-001 0.14805E-001 0.14838E-001
0.32250E+001 0.0133547 0.55544E-004 0.16598E-001 0.16620E-001 0.16735E-001 0.16765E-001
0.32600E+001 0.0148294 0.65904E-004 0.18463E-001 0.18474E-001 0.18559E-001 0.18585E-001
0.32950E+001 0.0161655 0.77551E-004 0.20151E-001 0.20161E-001 0.20208E-001 0.20230E-001
0.33300E+001 0.0173142 0.90886E-004 0.21598E-001 0.21618E-001 0.21623E-001 0.21641E-001
0.33650E+001 0.0182393 0.10657E-003 0.22757E-001 0.22798E-001 0.22760E-001 0.22775E-001
0.34000E+001 0.0189191 0.12556E-003 0.23598E-001 0.23674E-001 0.23593E-001 0.23605E-001
0.34350E+001 0.0193464 0.14918E-003 0.24114E-001 0.24232E-001 0.24114E-001 0.24123E-001
0.34700E+001 0.0195298 0.17905E-003 0.24319E-001 0.24480E-001 0.24332E-001 0.24339E-001
0.35050E+001 0.0194902 0.21709E-003 0.24244E-001 0.24440E-001 0.24273E-001 0.24277E-001
0.35400E+001 0.0192585 0.26532E-003 0.23931E-001 0.24149E-001 0.23972E-001 0.23975E-001
0.35750E+001 0.0188712 0.32577E-003 0.23432E-001 0.23650E-001 0.23473E-001 0.23475E-001
0.36100E+001 0.0183682 0.40024E-003 0.22799E-001 0.22992E-001 0.22824E-001 0.22826E-001
0.36450E+001 0.0177892 0.49014E-003 0.22080E-001 0.22225E-001 0.22074E-001 0.22077E-001
0.36800E+001 0.0171701 0.59636E-003 0.21318E-001 0.21397E-001 0.21268E-001 0.21271E-001
0.37150E+001 0.0165436 0.71917E-003 0.20546E-001 0.20552E-001 0.20450E-001 0.20451E-001
0.37500E+001 0.0159363 0.85836E-003 0.19791E-001 0.19727E-001 0.19654E-001 0.19651E-001
0.37850E+001 0.0153679 0.10134E-002 0.19067E-001 0.18952E-001 0.18909E-001 0.18898E-001
0.38200E+001 0.0148523 0.11836E-002 0.18383E-001 0.18249E-001 0.18235E-001 0.18211E-001
0.38550E+001 0.0143958 0.13688E-002 0.17743E-001 0.17627E-001 0.17642E-001 0.17598E-001
0.38900E+001 0.0139988 0.15692E-002 0.17146E-001 0.17087E-001 0.17130E-001 0.17062E-001
0.39250E+001 0.0136564 0.17862E-002 0.16588E-001 0.16622E-001 0.16691E-001 0.16595E-001
0.39600E+001 0.0133586 0.20221E-002 0.16066E-001 0.16215E-001 0.16308E-001 0.16182E-001
0.39950E+001 0.0130931 0.22805E-002 0.15575E-001 0.15845E-001 0.15959E-001 0.15806E-001
0.40300E+001 0.0128474 0.25659E-002 0.15112E-001 0.15490E-001 0.15622E-001 0.15447E-001
0.40650E+001 0.0126097 0.28836E-002 0.14675E-001 0.15129E-001 0.15275E-001 0.15086E-001
0.41000E+001 0.012373 0.32399E-002 0.14267E-001 0.14746E-001 0.14901E-001 0.14711E-001
0.41350E+001 0.0121337 0.36413E-002 0.13888E-001 0.14333E-001 0.14493E-001 0.14313E-001
0.41700E+001 0.011894 0.40950E-002 0.13544E-001 0.13889E-001 0.14049E-001 0.13893E-001
0.42050E+001 0.011662 0.46082E-002 0.13239E-001 0.13424E-001 0.13580E-001 0.13459E-001
0.42400E+001 0.0114492 0.51882E-002 0.12979E-001 0.12953E-001 0.13101E-001 0.13025E-001
0.42750E+001 0.0112709 0.58415E-002 0.12771E-001 0.12497E-001 0.12635E-001 0.12610E-001
0.43100E+001 0.0111431 0.65726E-002 0.12621E-001 0.12079E-001 0.12207E-001 0.12236E-001
0.43450E+001 0.0110807 0.73834E-002 0.12533E-001 0.11724E-001 0.11841E-001 0.11922E-001
0.43800E+001 0.0110954 0.82708E-002 0.12510E-001 0.11451E-001 0.11558E-001 0.11687E-001
0.44150E+001 0.0111932 0.92258E-002 0.12550E-001 0.11274E-001 0.11373E-001 0.11543E-001
0.44500E+001 0.0113736 0.10232E-001 0.12648E-001 0.11201E-001 0.11292E-001 0.11495E-001
0.44850E+001 0.0116294 0.11267E-001 0.12794E-001 0.11231E-001 0.11315E-001 0.11540E-001
0.45200E+001 0.0119442 0.12300E-001 0.12973E-001 0.11352E-001 0.11429E-001 0.11667E-001
0.45550E+001 0.0122954 0.13296E-001 0.13163E-001 0.11546E-001 0.11616E-001 0.11856E-001
0.45900E+001 0.0126568 0.14220E-001 0.13340E-001 0.11790E-001 0.11850E-001 0.12084E-001
0.46250E+001 0.0129976 0.15036E-001 0.13479E-001 0.12052E-001 0.12100E-001 0.12321E-001
0.46600E+001 0.0132894 0.15716E-001 0.13555E-001 0.12302E-001 0.12337E-001 0.12537E-001
0.46950E+001 0.0135072 0.16236E-001 0.13550E-001 0.12511E-001 0.12532E-001 0.12707E-001
0.47300E+001 0.0136306 0.16583E-001 0.13449E-001 0.12653E-001 0.12660E-001 0.12808E-001
0.47650E+001 0.01365 0.16756E-001 0.13252E-001 0.12711E-001 0.12705E-001 0.12826E-001
0.48000E+001 0.0135632 0.16762E-001 0.12963E-001 0.12676E-001 0.12660E-001 0.12755E-001
0.48350E+001 0.0133786 0.16616E-001 0.12600E-001 0.12550E-001 0.12528E-001 0.12599E-001
0.48700E+001 0.0131106 0.16340E-001 0.12184E-001 0.12342E-001 0.12318E-001 0.12369E-001
0.49050E+001 0.0127814 0.15961E-001 0.11744E-001 0.12069E-001 0.12049E-001 0.12084E-001
0.49400E+001 0.0124154 0.15508E-001 0.11306E-001 0.11755E-001 0.11743E-001 0.11765E-001
0.49750E+001 0.0120378 0.15012E-001 0.10897E-001 0.11423E-001 0.11422E-001 0.11435E-001
0.50100E+001 0.0116722 0.14502E-001 0.10536E-001 0.11097E-001 0.11110E-001 0.11116E-001
0.50450E+001 0.0113394 0.14010E-001 0.10240E-001 0.10796E-001 0.10826E-001 0.10825E-001
0.50800E+001 0.011054 0.13563E-001 0.10013E-001 0.10535E-001 0.10583E-001 0.10576E-001
0.51150E+001 0.0108278 0.13190E-001 0.98578E-002 0.10325E-001 0.10390E-001 0.10376E-001
0.51500E+001 0.0106665 0.12914E-001 0.97686E-002 0.10170E-001 0.10251E-001 0.10229E-001
0.51850E+001 0.0105733 0.12760E-001 0.97374E-002 0.10070E-001 0.10165E-001 0.10134E-001
0.52200E+001 0.0105484 0.12747E-001 0.97542E-002 0.10022E-001 0.10130E-001 0.10089E-001
0.52550E+001 0.0105904 0.12891E-001 0.98089E-002 0.10023E-001 0.10139E-001 0.10090E-001
0.52900E+001 0.0106951 0.13201E-001 0.98924E-002 0.10066E-001 0.10186E-001 0.10130E-001
0.53250E+001 0.0108587 0.13686E-001 0.99966E-002 0.10144E-001 0.10264E-001 0.10203E-001
0.53600E+001 0.0110756 0.14346E-001 0.10115E-001 0.10250E-001 0.10365E-001 0.10302E-001
0.53950E+001 0.0113382 0.15176E-001 0.10240E-001 0.10376E-001 0.10479E-001 0.10420E-001
0.54300E+001 0.011638 0.16166E-001 0.10368E-001 0.10511E-001 0.10599E-001 0.10546E-001
0.54650E+001 0.0119656 0.17302E-001 0.10492E-001 0.10645E-001 0.10716E-001 0.10673E-001
0.55000E+001 0.0123094 0.18563E-001 0.10606E-001 0.10769E-001 0.10820E-001 0.10789E-001
0.55350E+001 0.0126592 0.19924E-001 0.10706E-001 0.10873E-001 0.10905E-001 0.10888E-001
0.55700E+001 0.0130042 0.21359E-001 0.10787E-001 0.10949E-001 0.10964E-001 0.10962E-001
0.56050E+001 0.0133356 0.22836E-001 0.10846E-001 0.10993E-001 0.10995E-001 0.11008E-001
0.56400E+001 0.013647 0.24326E-001 0.10883E-001 0.11005E-001 0.10997E-001 0.11024E-001
0.56750E+001 0.0139346 0.25799E-001 0.10901E-001 0.10986E-001 0.10973E-001 0.11014E-001
0.57100E+001 0.0141992 0.27232E-001 0.10905E-001 0.10944E-001 0.10931E-001 0.10984E-001
0.57450E+001 0.0144426 0.28601E-001 0.10904E-001 0.10888E-001 0.10878E-001 0.10942E-001
0.57800E+001 0.0146702 0.29890E-001 0.10905E-001 0.10830E-001 0.10826E-001 0.10900E-001
0.58150E+001 0.0148888 0.31085E-001 0.10918E-001 0.10783E-001 0.10788E-001 0.10870E-001
0.58500E+001 0.0151048 0.32173E-001 0.10953E-001 0.10760E-001 0.10775E-001 0.10863E-001
0.58850E+001 0.0153234 0.33142E-001 0.11017E-001 0.10772E-001 0.10797E-001 0.10889E-001
0.59200E+001 0.0155472 0.33978E-001 0.11114E-001 0.10826E-001 0.10863E-001 0.10955E-001
0.59550E+001 0.015776 0.34665E-001 0.11247E-001 0.10926E-001 0.10976E-001 0.11066E-001
0.59900E+001 0.0160072 0.35187E-001 0.11415E-001 0.11075E-001 0.11138E-001 0.11221E-001
0.60250E+001 0.016234 0.35528E-001 0.11612E-001 0.11267E-001 0.11345E-001 0.11418E-001
0.60600E+001 0.0164492 0.35677E-001 0.11832E-001 0.11498E-001 0.11590E-001 0.11649E-001
0.60950E+001 0.0166444 0.35628E-001 0.12066E-001 0.11756E-001 0.11865E-001 0.11907E-001
0.61300E+001 0.0168116 0.35387E-001 0.12303E-001 0.12032E-001 0.12156E-001 0.12180E-001
0.61650E+001 0.0169444 0.34970E-001 0.12533E-001 0.12311E-001 0.12452E-001 0.12456E-001
0.62000E+001 0.0170388 0.34403E-001 0.12745E-001 0.12583E-001 0.12739E-001 0.12724E-001
0.62350E+001 0.0170922 0.33720E-001 0.12931E-001 0.12834E-001 0.13004E-001 0.12972E-001
0.62700E+001 0.0171036 0.32960E-001 0.13081E-001 0.13053E-001 0.13235E-001 0.13189E-001
0.63050E+001 0.017074 0.32160E-001 0.13192E-001 0.13231E-001 0.13422E-001 0.13365E-001
0.63400E+001 0.017005 0.31354E-001 0.13259E-001 0.13361E-001 0.13557E-001 0.13494E-001
0.63750E+001 0.0168982 0.30567E-001 0.13281E-001 0.13438E-001 0.13636E-001 0.13569E-001
0.64100E+001 0.0167546 0.29814E-001 0.13259E-001 0.13459E-001 0.13653E-001 0.13588E-001
0.64450E+001 0.0165764 0.29101E-001 0.13196E-001 0.13424E-001 0.13611E-001 0.13550E-001
0.64800E+001 0.0163648 0.28426E-001 0.13095E-001 0.13336E-001 0.13511E-001 0.13456E-001
0.65150E+001 0.0161232 0.27782E-001 0.12963E-001 0.13200E-001 0.13359E-001 0.13312E-001
0.65500E+001 0.0158554 0.27160E-001 0.12806E-001 0.13023E-001 0.13163E-001 0.13125E-001
0.65850E+001 0.0155668 0.26550E-001 0.12629E-001 0.12815E-001 0.12934E-001 0.12906E-001
0.66200E+001 0.0152632 0.25947E-001 0.12439E-001 0.12585E-001 0.12681E-001 0.12664E-001
0.66550E+001 0.0149536 0.25348E-001 0.12243E-001 0.12346E-001 0.12418E-001 0.12413E-001
0.66900E+001 0.0146456 0.24757E-001 0.12047E-001 0.12107E-001 0.12155E-001 0.12162E-001
0.67250E+001 0.0143472 0.24181E-001 0.11854E-001 0.11878E-001 0.11901E-001 0.11922E-001
0.67600E+001 0.0140662 0.23628E-001 0.11669E-001 0.11667E-001 0.11665E-001 0.11702E-001
0.67950E+001 0.0138084 0.23110E-001 0.11494E-001 0.11478E-001 0.11454E-001 0.11506E-001
0.68300E+001 0.0135782 0.22634E-001 0.11332E-001 0.11317E-001 0.11270E-001 0.11338E-001
0.68650E+001 0.0133794 0.22209E-001 0.11184E-001 0.11185E-001 0.11118E-001 0.11201E-001
0.69000E+001 0.0132124 0.21836E-001 0.11051E-001 0.11082E-001 0.10999E-001 0.11094E-001
0.69350E+001 0.0130776 0.21513E-001 0.10936E-001 0.11009E-001 0.10913E-001 0.11017E-001
0.69700E+001 0.0129736 0.21235E-001 0.10841E-001 0.10963E-001 0.10859E-001 0.10970E-001
0.70050E+001 0.012898 0.20990E-001 0.10769E-001 0.10944E-001 0.10838E-001 0.10949E-001
0.70400E+001 0.0128474 0.20766E-001 0.10722E-001 0.10949E-001 0.10847E-001 0.10953E-001
0.70750E+001 0.0128172 0.20547E-001 0.10706E-001 0.10974E-001 0.10881E-001 0.10978E-001
0.71100E+001 0.0128028 0.20320E-001 0.10722E-001 0.11016E-001 0.10937E-001 0.11019E-001
0.71450E+001 0.0127994 0.20073E-001 0.10773E-001 0.11070E-001 0.11008E-001 0.11073E-001
0.71800E+001 0.0128006 0.19797E-001 0.10858E-001 0.11129E-001 0.11087E-001 0.11132E-001
0.72150E+001 0.012802 0.19485E-001 0.10975E-001 0.11190E-001 0.11167E-001 0.11193E-001
0.72500E+001 0.0127994 0.19137E-001 0.11122E-001 0.11247E-001 0.11241E-001 0.11250E-001
0.72850E+001 0.01279 0.18752E-001 0.11292E-001 0.11298E-001 0.11307E-001 0.11301E-001
0.73200E+001 0.0127726 0.18337E-001 0.11477E-001 0.11341E-001 0.11362E-001 0.11346E-001
0.73550E+001 0.012747 0.17897E-001 0.11672E-001 0.11377E-001 0.11405E-001 0.11384E-001
0.73900E+001 0.0127148 0.17443E-001 0.11867E-001 0.11408E-001 0.11439E-001 0.11417E-001
0.74250E+001 0.0126786 0.16984E-001 0.12058E-001 0.11437E-001 0.11466E-001 0.11448E-001
0.74600E+001 0.0126402 0.16532E-001 0.12236E-001 0.11466E-001 0.11490E-001 0.11477E-001
0.74950E+001 0.0126022 0.16098E-001 0.12396E-001 0.11499E-001 0.11511E-001 0.11507E-001
0.75300E+001 0.0125654 0.15695E-001 0.12534E-001 0.11533E-001 0.11530E-001 0.11535E-001
0.75650E+001 0.0125288 0.15335E-001 0.12642E-001 0.11568E-001 0.11542E-001 0.11557E-001
0.76000E+001 0.0124908 0.15027E-001 0.12717E-001 0.11597E-001 0.11543E-001 0.11570E-001
0.76350E+001 0.0124486 0.14780E-001 0.12752E-001 0.11616E-001 0.11528E-001 0.11567E-001
0.76700E+001 0.0123982 0.14598E-001 0.12744E-001 0.11616E-001 0.11491E-001 0.11542E-001
0.77050E+001 0.0123358 0.14482E-001 0.12688E-001 0.11592E-001 0.11427E-001 0.11490E-001
0.77400E+001 0.0122584 0.14429E-001 0.12583E-001 0.11538E-001 0.11334E-001 0.11408E-001
0.77750E+001 0.0121636 0.14430E-001 0.12428E-001 0.11452E-001 0.11211E-001 0.11297E-001
0.78100E+001 0.0120508 0.14472E-001 0.12227E-001 0.11333E-001 0.11064E-001 0.11158E-001
0.78450E+001 0.0119206 0.14538E-001 0.11984E-001 0.11187E-001 0.10897E-001 0.10997E-001
0.78800E+001 0.0117746 0.14611E-001 0.11706E-001 0.11018E-001 0.10718E-001 0.10820E-001
0.79150E+001 0.0116154 0.14670E-001 0.11400E-001 0.10836E-001 0.10537E-001 0.10634E-001
0.79500E+001 0.0114462 0.14698E-001 0.11077E-001 0.10647E-001 0.10360E-001 0.10449E-001
0.79850E+001 0.0112708 0.14682E-001 0.10744E-001 0.10462E-001 0.10196E-001 0.10270E-001
0.80200E+001 0.0110918 0.14609E-001 0.10412E-001 0.10287E-001 0.10048E-001 0.10103E-001
0.80550E+001 0.0109118 0.14475E-001 0.10088E-001 0.10126E-001 0.99198E-002 0.99503E-002
0.80900E+001 0.0107323 0.14277E-001 0.97785E-002 0.99819E-002 0.98104E-002 0.98138E-002
0.81250E+001 0.0105542 0.14018E-001 0.94892E-002 0.98543E-002 0.97175E-002 0.96918E-002
0.81600E+001 0.0103774 0.13703E-001 0.92238E-002 0.97410E-002 0.96373E-002 0.95818E-002
0.81950E+001 0.0102017 0.13340E-001 0.89845E-002 0.96385E-002 0.95650E-002 0.94804E-002
0.82300E+001 0.0100268 0.12940E-001 0.87717E-002 0.95426E-002 0.94960E-002 0.93836E-002
0.82650E+001 0.00985206 0.12512E-001 0.85846E-002 0.94493E-002 0.94260E-002 0.92884E-002
0.83000E+001 0.00967754 0.12067E-001 0.84211E-002 0.93553E-002 0.93522E-002 0.91921E-002
0.83350E+001 0.00950376 0.11616E-001 0.82782E-002 0.92585E-002 0.92727E-002 0.90934E-002
0.83700E+001 0.00933108 0.11167E-001 0.81525E-002 0.91576E-002 0.91867E-002 0.89916E-002
0.84050E+001 0.00916056 0.10729E-001 0.80404E-002 0.90523E-002 0.90942E-002 0.88869E-002
0.84400E+001 0.00899366 0.10311E-001 0.79388E-002 0.89429E-002 0.89956E-002 0.87800E-002
0.84750E+001 0.00883168 0.99207E-002 0.78449E-002 0.88300E-002 0.88914E-002 0.86714E-002
0.85100E+001 0.00867558 0.95637E-002 0.77569E-002 0.87138E-002 0.87820E-002 0.85615E-002
0.85450E+001 0.00852642 0.92462E-002 0.76733E-002 0.85948E-002 0.86672E-002 0.84506E-002
0.85800E+001 0.00838496 0.89730E-002 0.75933E-002 0.84731E-002 0.85470E-002 0.83384E-002
0.86150E+001 0.00825164 0.87473E-002 0.75160E-002 0.83487E-002 0.84214E-002 0.82248E-002
0.86500E+001 0.00812678 0.85708E-002 0.74407E-002 0.82221E-002 0.82906E-002 0.81097E-002
0.86850E+001 0.00801056 0.84433E-002 0.73665E-002 0.80939E-002 0.81557E-002 0.79934E-002
0.87200E+001 0.0079032 0.83627E-002 0.72926E-002 0.79655E-002 0.80185E-002 0.78767E-002
0.87550E+001 0.00780504 0.83248E-002 0.72186E-002 0.78389E-002 0.78816E-002 0.77613E-002
0.87900E+001 0.00771656 0.83236E-002 0.71446E-002 0.77167E-002 0.77486E-002 0.76493E-002
0.88250E+001 0.00763846 0.83520E-002 0.70718E-002 0.76019E-002 0.76233E-002 0.75433E-002
0.88600E+001 0.00757142 0.84012E-002 0.70028E-002 0.74974E-002 0.75095E-002 0.74462E-002
0.88950E+001 0.00751616 0.84621E-002 0.69412E-002 0.74062E-002 0.74107E-002 0.73606E-002
0.89300E+001 0.00747302 0.85250E-002 0.68917E-002 0.73303E-002 0.73294E-002 0.72887E-002
0.89650E+001 0.007442 0.85800E-002 0.68593E-002 0.72714E-002 0.72674E-002 0.72319E-002
0.90000E+001 0.00742248 0.86178E-002 0.68487E-002 0.72300E-002 0.72249E-002 0.71910E-002
0.90350E+001 0.00741318 0.86299E-002 0.68635E-002 0.72056E-002 0.72010E-002 0.71659E-002
0.90700E+001 0.00741222 0.86092E-002 0.69056E-002 0.71971E-002 0.71938E-002 0.71554E-002
0.91050E+001 0.00741732 0.85509E-002 0.69743E-002 0.72026E-002 0.72007E-002 0.71581E-002
0.91400E+001 0.00742606 0.84526E-002 0.70668E-002 0.72200E-002 0.72188E-002 0.71721E-002
0.91750E+001 0.00743604 0.83152E-002 0.71778E-002 0.72470E-002 0.72451E-002 0.71951E-002
0.92100E+001 0.00744514 0.81426E-002 0.73002E-002 0.72811E-002 0.72769E-002 0.72249E-002
0.92450E+001 0.00745168 0.79412E-002 0.74256E-002 0.73202E-002 0.73119E-002 0.72595E-002
0.92800E+001 0.0074545 0.77201E-002 0.75454E-002 0.73622E-002 0.73482E-002 0.72966E-002
0.93150E+001 0.00745282 0.74895E-002 0.76511E-002 0.74051E-002 0.73842E-002 0.73342E-002
0.93500E+001 0.00744616 0.72599E-002 0.77356E-002 0.74469E-002 0.74181E-002 0.73703E-002
0.93850E+001 0.00743414 0.70412E-002 0.77935E-002 0.74853E-002 0.74481E-002 0.74026E-002
0.94200E+001 0.00741642 0.68419E-002 0.78217E-002 0.75175E-002 0.74723E-002 0.74287E-002
0.94550E+001 0.00739256 0.66685E-002 0.78194E-002 0.75409E-002 0.74881E-002 0.74459E-002
0.94900E+001 0.00736198 0.65251E-002 0.77878E-002 0.75525E-002 0.74927E-002 0.74518E-002
0.95250E+001 0.0073242 0.64138E-002 0.77304E-002 0.75494E-002 0.74836E-002 0.74438E-002
0.95600E+001 0.00727872 0.63345E-002 0.76516E-002 0.75292E-002 0.74581E-002 0.74202E-002
0.95950E+001 0.0072254 0.62855E-002 0.75566E-002 0.74905E-002 0.74148E-002 0.73796E-002
0.96300E+001 0.00716448 0.62642E-002 0.74506E-002 0.74329E-002 0.73528E-002 0.73219E-002
0.96650E+001 0.0070967 0.62667E-002 0.73385E-002 0.73573E-002 0.72730E-002 0.72480E-002
0.97000E+001 0.00702332 0.62891E-002 0.72241E-002 0.72661E-002 0.71775E-002 0.71598E-002
0.97350E+001 0.00694612 0.63268E-002 0.71104E-002 0.71629E-002 0.70699E-002 0.70606E-002
0.97700E+001 0.00686728 0.63756E-002 0.69995E-002 0.70523E-002 0.69547E-002 0.69543E-002
0.98050E+001 0.00678908 0.64310E-002 0.68924E-002 0.69394E-002 0.68372E-002 0.68454E-002
0.98400E+001 0.00671386 0.64887E-002 0.67899E-002 0.68292E-002 0.67230E-002 0.67385E-002
0.98750E+001 0.00664362 0.65448E-002 0.66921E-002 0.67264E-002 0.66170E-002 0.66378E-002
0.99100E+001 0.00658004 0.65959E-002 0.65991E-002 0.66348E-002 0.65233E-002 0.65471E-002
0.99450E+001 0.00652426 0.66392E-002 0.65112E-002 0.65570E-002 0.64449E-002 0.64690E-002
0.99800E+001 0.0064769 0.66727E-002 0.64287E-002 0.64943E-002 0.63833E-002 0.64055E-002
0.10015E+002 0.006438 0.66954E-002 0.63522E-002 0.64468E-002 0.63385E-002 0.63571E-002
0.10050E+002 0.00640728 0.67074E-002 0.62825E-002 0.64135E-002 0.63094E-002 0.63236E-002
0.10085E+002 0.00638418 0.67097E-002 0.62207E-002 0.63927E-002 0.62939E-002 0.63039E-002
0.10120E+002 0.00636802 0.67045E-002 0.61679E-002 0.63822E-002 0.62893E-002 0.62962E-002
0.10155E+002 0.00635806 0.66942E-002 0.61252E-002 0.63796E-002 0.62929E-002 0.62984E-002
0.10190E+002 0.00635368 0.66818E-002 0.60938E-002 0.63825E-002 0.63020E-002 0.63083E-002
0.10225E+002 0.0063544 0.66699E-002 0.60745E-002 0.63893E-002 0.63145E-002 0.63238E-002
0.10260E+002 0.00635976 0.66606E-002 0.60678E-002 0.63983E-002 0.63289E-002 0.63432E-002
0.10295E+002 0.00636938 0.66552E-002 0.60741E-002 0.64086E-002 0.63440E-002 0.63650E-002
0.10330E+002 0.00638286 0.66539E-002 0.60931E-002 0.64199E-002 0.63594E-002 0.63880E-002
0.10365E+002 0.00639966 0.66558E-002 0.61244E-002 0.64318E-002 0.63747E-002 0.64116E-002
0.10400E+002 0.006419 0.66591E-002 0.61669E-002 0.64442E-002 0.63897E-002 0.64351E-002
0.10435E+002 0.00643984 0.66614E-002 0.62190E-002 0.64571E-002 0.64040E-002 0.64577E-002
0.10470E+002 0.00646094 0.66603E-002 0.62788E-002 0.64701E-002 0.64167E-002 0.64788E-002
0.10505E+002 0.00648078 0.66537E-002 0.63435E-002 0.64824E-002 0.64270E-002 0.64973E-002
0.10540E+002 0.0064976 0.66402E-002 0.64099E-002 0.64928E-002 0.64334E-002 0.65117E-002
0.10575E+002 0.00650962 0.66191E-002 0.64743E-002 0.64999E-002 0.64344E-002 0.65204E-002
0.10610E+002 0.00651518 0.65906E-002 0.65329E-002 0.65019E-002 0.64287E-002 0.65218E-002
0.10645E+002 0.0065127 0.65551E-002 0.65821E-002 0.64971E-002 0.64151E-002 0.65141E-002
0.10680E+002 0.00650094 0.65133E-002 0.66187E-002 0.64839E-002 0.63928E-002 0.64960E-002
0.10715E+002 0.00647924 0.64654E-002 0.66407E-002 0.64614E-002 0.63618E-002 0.64669E-002
0.10750E+002 0.00644738 0.64113E-002 0.66473E-002 0.64289E-002 0.63226E-002 0.64268E-002
0.10785E+002 0.0064059 0.63502E-002 0.66391E-002 0.63870E-002 0.62764E-002 0.63768E-002
0.10820E+002 0.00635592 0.62811E-002 0.66182E-002 0.63367E-002 0.62250E-002 0.63186E-002
0.10855E+002 0.0062993 0.62035E-002 0.65881E-002 0.62797E-002 0.61705E-002 0.62547E-002
0.10890E+002 0.00623844 0.61172E-002 0.65527E-002 0.62186E-002 0.61154E-002 0.61883E-002
0.10925E+002 0.00617604 0.60238E-002 0.65162E-002 0.61558E-002 0.60620E-002 0.61224E-002
0.10960E+002 0.00611498 0.59261E-002 0.64823E-002 0.60941E-002 0.60124E-002 0.60600E-002
0.10995E+002 0.006058 0.58289E-002 0.64538E-002 0.60358E-002 0.59682E-002 0.60033E-002
0.11030E+002 0.00600738 0.57378E-002 0.64319E-002 0.59828E-002 0.59305E-002 0.59539E-002
0.11065E+002 0.00596494 0.56595E-002 0.64163E-002 0.59365E-002 0.58999E-002 0.59125E-002
0.11100E+002 0.00593148 0.56002E-002 0.64051E-002 0.58974E-002 0.58760E-002 0.58787E-002
0.11135E+002 0.00590716 0.55650E-002 0.63953E-002 0.58655E-002 0.58583E-002 0.58517E-002
0.11170E+002 0.00589116 0.55571E-002 0.63830E-002 0.58401E-002 0.58456E-002 0.58300E-002
0.11205E+002 0.00588212 0.55771E-002 0.63644E-002 0.58203E-002 0.58368E-002 0.58120E-002
0.11240E+002 0.00587806 0.56231E-002 0.63359E-002 0.58047E-002 0.58305E-002 0.57961E-002
0.11275E+002 0.00587686 0.56904E-002 0.62950E-002 0.57922E-002 0.58255E-002 0.57812E-002
0.11310E+002 0.00587638 0.57727E-002 0.62405E-002 0.57814E-002 0.58209E-002 0.57664E-002
0.11345E+002 0.00587462 0.58622E-002 0.61727E-002 0.57713E-002 0.58159E-002 0.57510E-002
0.11380E+002 0.00587008 0.59511E-002 0.60932E-002 0.57611E-002 0.58100E-002 0.57350E-002
0.11415E+002 0.00586172 0.60321E-002 0.60051E-002 0.57503E-002 0.58027E-002 0.57184E-002
0.11450E+002 0.00584914 0.60994E-002 0.59124E-002 0.57386E-002 0.57939E-002 0.57014E-002
0.11485E+002 0.00583248 0.61491E-002 0.58197E-002 0.57259E-002 0.57833E-002 0.56844E-002
0.11520E+002 0.00581248 0.61794E-002 0.57317E-002 0.57126E-002 0.57710E-002 0.56677E-002
0.11555E+002 0.00579026 0.61905E-002 0.56530E-002 0.56990E-002 0.57570E-002 0.56518E-002
0.11590E+002 0.00576716 0.61843E-002 0.55871E-002 0.56856E-002 0.57417E-002 0.56371E-002
0.11625E+002 0.0057447 0.61641E-002 0.55368E-002 0.56731E-002 0.57254E-002 0.56241E-002
0.11660E+002 0.0057242 0.61335E-002 0.55033E-002 0.56622E-002 0.57088E-002 0.56132E-002
0.11695E+002 0.00570696 0.60965E-002 0.54868E-002 0.56536E-002 0.56927E-002 0.56052E-002
0.11730E+002 0.00569378 0.60569E-002 0.54860E-002 0.56476E-002 0.56781E-002 0.56003E-002
0.11765E+002 0.00568512 0.60176E-002 0.54984E-002 0.56446E-002 0.56660E-002 0.55990E-002
0.11800E+002 0.00568118 0.59809E-002 0.55212E-002 0.56447E-002 0.56574E-002 0.56017E-002
0.11835E+002 0.00568174 0.59481E-002 0.55509E-002 0.56481E-002 0.56532E-002 0.56084E-002
0.11870E+002 0.0056864 0.59199E-002 0.55841E-002 0.56545E-002 0.56543E-002 0.56192E-002
0.11905E+002 0.00569454 0.58962E-002 0.56179E-002 0.56638E-002 0.56610E-002 0.56338E-002
0.11940E+002 0.00570538 0.58768E-002 0.56495E-002 0.56754E-002 0.56733E-002 0.56519E-002
0.11975E+002 0.00571798 0.58611E-002 0.56768E-002 0.56890E-002 0.56905E-002 0.56725E-002
0.12010E+002 0.0057313 0.58487E-002 0.56982E-002 0.57037E-002 0.57114E-002 0.56945E-002
0.12045E+002 0.00574408 0.58393E-002 0.57123E-002 0.57185E-002 0.57340E-002 0.57163E-002
0.12080E+002 0.00575488 0.58328E-002 0.57182E-002 0.57319E-002 0.57557E-002 0.57358E-002
0.12115E+002 0.00576226 0.58295E-002 0.57152E-002 0.57422E-002 0.57736E-002 0.57508E-002
0.12150E+002 0.0057647 0.58296E-002 0.57029E-002 0.57475E-002 0.57846E-002 0.57589E-002
0.12185E+002 0.00576106 0.58335E-002 0.56817E-002 0.57458E-002 0.57862E-002 0.57581E-002
0.12220E+002 0.00575048 0.58413E-002 0.56524E-002 0.57357E-002 0.57762E-002 0.57468E-002
0.12255E+002 0.0057328 0.58532E-002 0.56167E-002 0.57161E-002 0.57535E-002 0.57245E-002
0.12290E+002 0.0057086 0.58690E-002 0.55770E-002 0.56869E-002 0.57185E-002 0.56916E-002
0.12325E+002 0.00567936 0.58883E-002 0.55365E-002 0.56493E-002 0.56728E-002 0.56499E-002
0.12360E+002 0.00564738 0.59107E-002 0.54990E-002 0.56054E-002 0.56196E-002 0.56022E-002
0.12395E+002 0.00561556 0.59362E-002 0.54681E-002 0.55584E-002 0.55628E-002 0.55523E-002
0.12430E+002 0.00558736 0.59650E-002 0.54476E-002 0.55122E-002 0.55074E-002 0.55046E-002
0.12465E+002 0.00556614 0.59976E-002 0.54400E-002 0.54711E-002 0.54584E-002 0.54636E-002
0.12500E+002 0.00555502 0.60348E-002 0.54470E-002 0.54393E-002 0.54206E-002 0.54334E-002
0.12535E+002 0.0055563 0.60779E-002 0.54684E-002 0.54203E-002 0.53977E-002 0.54172E-002
0.12570E+002 0.0055713 0.61278E-002 0.55029E-002 0.54166E-002 0.53924E-002 0.54168E-002
0.12605E+002 0.00559996 0.61853E-002 0.55471E-002 0.54291E-002 0.54054E-002 0.54329E-002
0.12640E+002 0.00564092 0.62505E-002 0.55967E-002 0.54573E-002 0.54361E-002 0.54640E-002
0.12675E+002 0.00569166 0.63230E-002 0.56466E-002 0.54990E-002 0.54819E-002 0.55078E-002
0.12710E+002 0.00574862 0.64020E-002 0.56913E-002 0.55506E-002 0.55390E-002 0.55602E-002
0.12745E+002 0.00580788 0.64867E-002 0.57260E-002 0.56075E-002 0.56026E-002 0.56166E-002
0.12780E+002 0.00586536 0.65762E-002 0.57464E-002 0.56645E-002 0.56675E-002 0.56722E-002
0.12815E+002 0.0059175 0.66706E-002 0.57500E-002 0.57164E-002 0.57283E-002 0.57222E-002
0.12850E+002 0.0059616 0.67705E-002 0.57354E-002 0.57587E-002 0.57806E-002 0.57628E-002
0.12885E+002 0.005996 0.68773E-002 0.57033E-002 0.57879E-002 0.58205E-002 0.57910E-002
0.12920E+002 0.00602044 0.69932E-002 0.56559E-002 0.58018E-002 0.58459E-002 0.58054E-002
0.12955E+002 0.00603572 0.71201E-002 0.55964E-002 0.58001E-002 0.58559E-002 0.58061E-002
0.12990E+002 0.00604356 0.72593E-002 0.55292E-002 0.57840E-002 0.58511E-002 0.57942E-002
0.13025E+002 0.00604626 0.74108E-002 0.54590E-002 0.57560E-002 0.58332E-002 0.57723E-002
0.13060E+002 0.00604636 0.75728E-002 0.53903E-002 0.57198E-002 0.58053E-002 0.57436E-002
0.13095E+002 0.00604604 0.77409E-002 0.53273E-002 0.56796E-002 0.57709E-002 0.57115E-002
0.13130E+002 0.00604704 0.79092E-002 0.52728E-002 0.56399E-002 0.57338E-002 0.56795E-002
0.13165E+002 0.00605034 0.80699E-002 0.52288E-002 0.56045E-002 0.56977E-002 0.56508E-002
0.13200E+002 0.00605628 0.82149E-002 0.51958E-002 0.55768E-002 0.56659E-002 0.56280E-002
0.13235E+002 0.00606442 0.83362E-002 0.51735E-002 0.55589E-002 0.56409E-002 0.56126E-002
0.13270E+002 0.0060739 0.84278E-002 0.51604E-002 0.55517E-002 0.56241E-002 0.56055E-002
0.13305E+002 0.0060836 0.84857E-002 0.51546E-002 0.55550E-002 0.56162E-002 0.56065E-002
0.13340E+002 0.00609232 0.85092E-002 0.51537E-002 0.55675E-002 0.56166E-002 0.56146E-002
0.13375E+002 0.00609904 0.85004E-002 0.51555E-002 0.55871E-002 0.56238E-002 0.56284E-002
0.13410E+002 0.00610292 0.84643E-002 0.51581E-002 0.56110E-002 0.56356E-002 0.56456E-002
0.13445E+002 0.00610348 0.84078E-002 0.51600E-002 0.56362E-002 0.56494E-002 0.56640E-002
0.13480E+002 0.00610046 0.83385E-002 0.51605E-002 0.56597E-002 0.56625E-002 0.56811E-002
0.13515E+002 0.00609394 0.82641E-002 0.51594E-002 0.56790E-002 0.56723E-002 0.56949E-002
0.13550E+002 0.00608416 0.81909E-002 0.51573E-002 0.56921E-002 0.56769E-002 0.57036E-002
0.13585E+002 0.00607156 0.81236E-002 0.51552E-002 0.56979E-002 0.56750E-002 0.57061E-002
0.13620E+002 0.00605668 0.80648E-002 0.51546E-002 0.56961E-002 0.56660E-002 0.57019E-002
0.13655E+002 0.00604014 0.80153E-002 0.51569E-002 0.56869E-002 0.56503E-002 0.56913E-002
0.13690E+002 0.0060227 0.79742E-002 0.51635E-002 0.56716E-002 0.56291E-002 0.56751E-002
0.13725E+002 0.00600504 0.79396E-002 0.51755E-002 0.56517E-002 0.56039E-002 0.56545E-002
0.13760E+002 0.0059879 0.79095E-002 0.51933E-002 0.56289E-002 0.55766E-002 0.56312E-002
0.13795E+002 0.00597202 0.78819E-002 0.52170E-002 0.56052E-002 0.55491E-002 0.56069E-002
0.13830E+002 0.005958 0.78551E-002 0.52459E-002 0.55823E-002 0.55233E-002 0.55834E-002
0.13865E+002 0.00594648 0.78282E-002 0.52795E-002 0.55618E-002 0.55007E-002 0.55622E-002
0.13900E+002 0.005938 0.78008E-002 0.53171E-002 0.55447E-002 0.54826E-002 0.55448E-002
0.13935E+002 0.00593306 0.77728E-002 0.53582E-002 0.55320E-002 0.54699E-002 0.55324E-002
0.13970E+002 0.0059321 0.77443E-002 0.54032E-002 0.55242E-002 0.54630E-002 0.55258E-002
0.14005E+002 0.00593558 0.77154E-002 0.54528E-002 0.55216E-002 0.54625E-002 0.55256E-002
0.14040E+002 0.00594372 0.76857E-002 0.55083E-002 0.55242E-002 0.54683E-002 0.55321E-002
0.14075E+002 0.0059568 0.76551E-002 0.55710E-002 0.55321E-002 0.54802E-002 0.55456E-002
0.14110E+002 0.00597488 0.76231E-002 0.56423E-002 0.55451E-002 0.54981E-002 0.55658E-002
0.14145E+002 0.0059979 0.75896E-002 0.57229E-002 0.55631E-002 0.55216E-002 0.55923E-002
0.14180E+002 0.00602548 0.75544E-002 0.58124E-002 0.55862E-002 0.55500E-002 0.56244E-002
0.14215E+002 0.00605708 0.75179E-002 0.59095E-002 0.56139E-002 0.55828E-002 0.56613E-002
0.14250E+002 0.00609178 0.74806E-002 0.60113E-002 0.56463E-002 0.56191E-002 0.57016E-002
0.14285E+002 0.00612856 0.74435E-002 0.61142E-002 0.56828E-002 0.56584E-002 0.57439E-002
0.14320E+002 0.006166 0.74073E-002 0.62137E-002 0.57228E-002 0.56996E-002 0.57866E-002
0.14355E+002 0.0062027 0.73726E-002 0.63053E-002 0.57655E-002 0.57419E-002 0.58282E-002
0.14390E+002 0.00623708 0.73395E-002 0.63846E-002 0.58099E-002 0.57845E-002 0.58669E-002
0.14425E+002 0.00626754 0.73071E-002 0.64480E-002 0.58546E-002 0.58264E-002 0.59016E-002
0.14460E+002 0.00629266 0.72740E-002 0.64931E-002 0.58983E-002 0.58668E-002 0.59311E-002
0.14495E+002 0.00631104 0.72376E-002 0.65185E-002 0.59393E-002 0.59049E-002 0.59549E-002
0.14530E+002 0.00632172 0.71951E-002 0.65245E-002 0.59764E-002 0.59398E-002 0.59728E-002
0.14565E+002 0.00632392 0.71434E-002 0.65124E-002 0.60082E-002 0.59707E-002 0.59849E-002
0.14600E+002 0.0063172 0.70795E-002 0.64844E-002 0.60336E-002 0.59968E-002 0.59917E-002
0.14635E+002 0.00630154 0.70014E-002 0.64435E-002 0.60518E-002 0.60173E-002 0.59937E-002
0.14670E+002 0.00627734 0.69082E-002 0.63931E-002 0.60624E-002 0.60315E-002 0.59915E-002
0.14705E+002 0.00624544 0.68008E-002 0.63363E-002 0.60653E-002 0.60390E-002 0.59858E-002
0.14740E+002 0.00620714 0.66814E-002 0.62764E-002 0.60610E-002 0.60398E-002 0.59771E-002
0.14775E+002 0.0061642 0.65541E-002 0.62162E-002 0.60504E-002 0.60341E-002 0.59662E-002
0.14810E+002 0.00611864 0.64240E-002 0.61578E-002 0.60349E-002 0.60229E-002 0.59536E-002
0.14845E+002 0.0060727 0.62968E-002 0.61032E-002 0.60162E-002 0.60073E-002 0.59400E-002
0.14880E+002 0.0060286 0.61781E-002 0.60534E-002 0.59961E-002 0.59891E-002 0.59263E-002
0.14915E+002 0.0059883 0.60727E-002 0.60092E-002 0.59766E-002 0.59699E-002 0.59131E-002
0.14950E+002 0.00595318 0.59840E-002 0.59707E-002 0.59591E-002 0.59511E-002 0.59010E-002
0.14985E+002 0.00592404 0.59135E-002 0.59378E-002 0.59446E-002 0.59339E-002 0.58904E-002
0.15020E+002 0.00590076 0.58605E-002 0.59100E-002 0.59334E-002 0.59187E-002 0.58812E-002
0.15055E+002 0.0058825 0.58229E-002 0.58865E-002 0.59248E-002 0.59055E-002 0.58728E-002
0.15090E+002 0.00586782 0.57970E-002 0.58666E-002 0.59177E-002 0.58933E-002 0.58645E-002
0.15125E+002 0.00585476 0.57788E-002 0.58490E-002 0.59102E-002 0.58808E-002 0.58550E-002
0.15160E+002 0.00584132 0.57644E-002 0.58325E-002 0.59002E-002 0.58664E-002 0.58431E-002
0.15195E+002 0.00582574 0.57512E-002 0.58159E-002 0.58856E-002 0.58485E-002 0.58275E-002
0.15230E+002 0.00580676 0.57381E-002 0.57978E-002 0.58647E-002 0.58259E-002 0.58073E-002
0.15265E+002 0.00578382 0.57260E-002 0.57768E-002 0.58365E-002 0.57977E-002 0.57821E-002
0.15300E+002 0.00575716 0.57177E-002 0.57517E-002 0.58006E-002 0.57641E-002 0.57517E-002
0.15335E+002 0.00572786 0.57174E-002 0.57219E-002 0.57577E-002 0.57255E-002 0.57168E-002
0.15370E+002 0.00569768 0.57305E-002 0.56871E-002 0.57092E-002 0.56832E-002 0.56784E-002
0.15405E+002 0.0056687 0.57620E-002 0.56478E-002 0.56569E-002 0.56388E-002 0.56380E-002
0.15440E+002 0.00564306 0.58160E-002 0.56053E-002 0.56030E-002 0.55942E-002 0.55968E-002
0.15475E+002 0.00562262 0.58947E-002 0.55616E-002 0.55497E-002 0.55510E-002 0.55561E-002
0.15510E+002 0.00560864 0.59978E-002 0.55190E-002 0.54990E-002 0.55105E-002 0.55169E-002
0.15545E+002 0.0056015 0.61221E-002 0.54802E-002 0.54520E-002 0.54735E-002 0.54797E-002
0.15580E+002 0.00560064 0.62614E-002 0.54473E-002 0.54096E-002 0.54403E-002 0.54446E-002
0.15615E+002 0.00560458 0.64074E-002 0.54220E-002 0.53717E-002 0.54105E-002 0.54113E-002
0.15650E+002 0.00561122 0.65503E-002 0.54049E-002 0.53380E-002 0.53834E-002 0.53795E-002
0.15685E+002 0.00561794 0.66795E-002 0.53955E-002 0.53078E-002 0.53581E-002 0.53488E-002
0.15720E+002 0.00562232 0.67856E-002 0.53926E-002 0.52804E-002 0.53339E-002 0.53191E-002
0.15755E+002 0.00562226 0.68607E-002 0.53941E-002 0.52554E-002 0.53105E-002 0.52906E-002
0.15790E+002 0.00561638 0.68993E-002 0.53977E-002 0.52326E-002 0.52880E-002 0.52643E-002
0.15825E+002 0.00560426 0.68992E-002 0.54014E-002 0.52126E-002 0.52671E-002 0.52410E-002
0.15860E+002 0.00558632 0.68608E-002 0.54034E-002 0.51960E-002 0.52491E-002 0.52223E-002
0.15895E+002 0.00556384 0.67877E-002 0.54031E-002 0.51840E-002 0.52352E-002 0.52092E-002
0.15930E+002 0.00553852 0.66853E-002 0.54001E-002 0.51775E-002 0.52268E-002 0.52029E-002
0.15965E+002 0.00551242 0.65608E-002 0.53952E-002 0.51773E-002 0.52249E-002 0.52039E-002
0.16000E+002 0.0054872 0.64217E-002 0.53890E-002 0.51837E-002 0.52297E-002 0.52119E-002
0.16035E+002 0.00546414 0.62756E-002 0.53824E-002 0.51961E-002 0.52406E-002 0.52260E-002
0.16070E+002 0.00544384 0.61292E-002 0.53760E-002 0.52131E-002 0.52564E-002 0.52445E-002
0.16105E+002 0.00542612 0.59879E-002 0.53697E-002 0.52329E-002 0.52750E-002 0.52651E-002
0.16140E+002 0.00541022 0.58555E-002 0.53630E-002 0.52531E-002 0.52940E-002 0.52855E-002
0.16175E+002 0.00539482 0.57341E-002 0.53548E-002 0.52711E-002 0.53109E-002 0.53032E-002
0.16210E+002 0.0053786 0.56241E-002 0.53440E-002 0.52847E-002 0.53237E-002 0.53165E-002
0.16245E+002 0.00536026 0.55246E-002 0.53292E-002 0.52925E-002 0.53307E-002 0.53243E-002
0.16280E+002 0.00533908 0.54342E-002 0.53097E-002 0.52937E-002 0.53316E-002 0.53262E-002
0.16315E+002 0.00531484 0.53508E-002 0.52849E-002 0.52888E-002 0.53267E-002 0.53230E-002
0.16350E+002 0.0052881 0.52730E-002 0.52552E-002 0.52791E-002 0.53172E-002 0.53160E-002
0.16385E+002 0.00525994 0.51996E-002 0.52217E-002 0.52663E-002 0.53050E-002 0.53071E-002
0.16420E+002 0.00523184 0.51305E-002 0.51858E-002 0.52526E-002 0.52921E-002 0.52982E-002
0.16455E+002 0.00520534 0.50662E-002 0.51497E-002 0.52399E-002 0.52802E-002 0.52907E-002
0.16490E+002 0.00518194 0.50079E-002 0.51156E-002 0.52298E-002 0.52706E-002 0.52858E-002
0.16525E+002 0.00516286 0.49572E-002 0.50860E-002 0.52231E-002 0.52641E-002 0.52839E-002
0.16560E+002 0.00514868 0.49155E-002 0.50629E-002 0.52198E-002 0.52606E-002 0.52846E-002
0.16595E+002 0.00513954 0.48835E-002 0.50484E-002 0.52195E-002 0.52593E-002 0.52870E-002
0.16630E+002 0.00513516 0.48616E-002 0.50436E-002 0.52211E-002 0.52594E-002 0.52901E-002
0.16665E+002 0.00513494 0.48490E-002 0.50494E-002 0.52239E-002 0.52598E-002 0.52926E-002
0.16700E+002 0.00513818 0.48444E-002 0.50656E-002 0.52271E-002 0.52599E-002 0.52939E-002
0.16735E+002 0.005144 0.48457E-002 0.50914E-002 0.52303E-002 0.52593E-002 0.52933E-002
0.16770E+002 0.00515182 0.48506E-002 0.51255E-002 0.52336E-002 0.52583E-002 0.52911E-002
0.16805E+002 0.00516088 0.48565E-002 0.51655E-002 0.52375E-002 0.52573E-002 0.52876E-002
0.16840E+002 0.0051707 0.48613E-002 0.52088E-002 0.52424E-002 0.52572E-002 0.52838E-002
0.16875E+002 0.00518076 0.48631E-002 0.52525E-002 0.52490E-002 0.52587E-002 0.52805E-002
0.16910E+002 0.00519054 0.48605E-002 0.52937E-002 0.52576E-002 0.52625E-002 0.52784E-002
0.16945E+002 0.00519934 0.48527E-002 0.53298E-002 0.52679E-002 0.52684E-002 0.52779E-002
0.16980E+002 0.00520648 0.48394E-002 0.53585E-002 0.52794E-002 0.52762E-002 0.52789E-002
0.17015E+002 0.0052113 0.48209E-002 0.53786E-002 0.52910E-002 0.52849E-002 0.52811E-002
0.17050E+002 0.00521318 0.47979E-002 0.53893E-002 0.53017E-002 0.52934E-002 0.52836E-002
0.17085E+002 0.00521172 0.47717E-002 0.53907E-002 0.53102E-002 0.53004E-002 0.52856E-002
0.17120E+002 0.00520686 0.47437E-002 0.53838E-002 0.53156E-002 0.53050E-002 0.52862E-002
0.17155E+002 0.00519894 0.47157E-002 0.53698E-002 0.53175E-002 0.53067E-002 0.52850E-002
0.17190E+002 0.00518866 0.46892E-002 0.53507E-002 0.53161E-002 0.53055E-002 0.52818E-002
0.17225E+002 0.00517714 0.46659E-002 0.53282E-002 0.53122E-002 0.53022E-002 0.52772E-002
0.17260E+002 0.00516568 0.46468E-002 0.53047E-002 0.53071E-002 0.52979E-002 0.52719E-002
0.17295E+002 0.00515562 0.46327E-002 0.52820E-002 0.53023E-002 0.52938E-002 0.52673E-002
0.17330E+002 0.00514812 0.46233E-002 0.52620E-002 0.52994E-002 0.52914E-002 0.52645E-002
0.17365E+002 0.00514406 0.46179E-002 0.52464E-002 0.52996E-002 0.52916E-002 0.52648E-002
0.17400E+002 0.00514378 0.46151E-002 0.52364E-002 0.53037E-002 0.52949E-002 0.52688E-002
0.17435E+002 0.00514704 0.46131E-002 0.52326E-002 0.53116E-002 0.53012E-002 0.52767E-002
0.17470E+002 0.00515302 0.46098E-002 0.52351E-002 0.53226E-002 0.53095E-002 0.52881E-002
0.17505E+002 0.0051604 0.46030E-002 0.52433E-002 0.53352E-002 0.53187E-002 0.53018E-002
0.17540E+002 0.00516758 0.45912E-002 0.52558E-002 0.53476E-002 0.53270E-002 0.53163E-002
0.17575E+002 0.00517278 0.45729E-002 0.52707E-002 0.53580E-002 0.53327E-002 0.53296E-002
0.17610E+002 0.00517446 0.45477E-002 0.52856E-002 0.53645E-002 0.53345E-002 0.53400E-002
0.17645E+002 0.00517134 0.45155E-002 0.52979E-002 0.53659E-002 0.53314E-002 0.53460E-002
0.17680E+002 0.00516268 0.44771E-002 0.53053E-002 0.53615E-002 0.53230E-002 0.53465E-002
0.17715E+002 0.00514844 0.44339E-002 0.53060E-002 0.53516E-002 0.53096E-002 0.53411E-002
0.17750E+002 0.00512908 0.43875E-002 0.52989E-002 0.53368E-002 0.52922E-002 0.53300E-002
0.17785E+002 0.0051056 0.43403E-002 0.52836E-002 0.53182E-002 0.52719E-002 0.53140E-002
0.17820E+002 0.00507946 0.42946E-002 0.52609E-002 0.52973E-002 0.52504E-002 0.52941E-002
0.17855E+002 0.00505232 0.42529E-002 0.52322E-002 0.52753E-002 0.52293E-002 0.52719E-002
0.17890E+002 0.0050258 0.42174E-002 0.51996E-002 0.52536E-002 0.52098E-002 0.52486E-002
0.17925E+002 0.00500136 0.41901E-002 0.51655E-002 0.52329E-002 0.51929E-002 0.52254E-002
0.17960E+002 0.0049801 0.41725E-002 0.51320E-002 0.52136E-002 0.51791E-002 0.52033E-002
0.17995E+002 0.00496276 0.41655E-002 0.51012E-002 0.51959E-002 0.51685E-002 0.51827E-002
0.18030E+002 0.00494948 0.41692E-002 0.50744E-002 0.51796E-002 0.51604E-002 0.51638E-002
0.18065E+002 0.00494 0.41829E-002 0.50521E-002 0.51644E-002 0.51542E-002 0.51464E-002
0.18100E+002 0.0049336 0.42053E-002 0.50341E-002 0.51498E-002 0.51487E-002 0.51301E-002
0.18135E+002 0.00492938 0.42348E-002 0.50196E-002 0.51355E-002 0.51427E-002 0.51143E-002
0.18170E+002 0.00492616 0.42691E-002 0.50069E-002 0.51210E-002 0.51352E-002 0.50986E-002
0.18205E+002 0.00492292 0.43060E-002 0.49946E-002 0.51062E-002 0.51253E-002 0.50825E-002
0.18240E+002 0.00491886 0.43435E-002 0.49808E-002 0.50912E-002 0.51127E-002 0.50661E-002
0.18275E+002 0.00491334 0.43796E-002 0.49644E-002 0.50761E-002 0.50972E-002 0.50494E-002
0.18310E+002 0.0049063 0.44128E-002 0.49447E-002 0.50616E-002 0.50793E-002 0.50331E-002
0.18345E+002 0.00489776 0.44417E-002 0.49214E-002 0.50481E-002 0.50598E-002 0.50178E-002
0.18380E+002 0.00488826 0.44653E-002 0.48953E-002 0.50365E-002 0.50397E-002 0.50045E-002
0.18415E+002 0.00487834 0.44828E-002 0.48674E-002 0.50275E-002 0.50201E-002 0.49939E-002
0.18450E+002 0.00486872 0.44938E-002 0.48393E-002 0.50215E-002 0.50022E-002 0.49868E-002
0.18485E+002 0.00485984 0.44982E-002 0.48124E-002 0.50187E-002 0.49866E-002 0.49833E-002
0.18520E+002 0.00485216 0.44963E-002 0.47882E-002 0.50190E-002 0.49739E-002 0.49834E-002
0.18555E+002 0.00484568 0.44889E-002 0.47678E-002 0.50216E-002 0.49639E-002 0.49862E-002
0.18590E+002 0.00484024 0.44771E-002 0.47519E-002 0.50254E-002 0.49562E-002 0.49906E-002
0.18625E+002 0.00483546 0.44625E-002 0.47406E-002 0.50289E-002 0.49500E-002 0.49953E-002
0.18660E+002 0.00483082 0.44469E-002 0.47339E-002 0.50306E-002 0.49442E-002 0.49985E-002
0.18695E+002 0.00482576 0.44321E-002 0.47312E-002 0.50289E-002 0.49377E-002 0.49989E-002
0.18730E+002 0.00481972 0.44195E-002 0.47319E-002 0.50226E-002 0.49294E-002 0.49952E-002
0.18765E+002 0.00481238 0.44103E-002 0.47351E-002 0.50110E-002 0.49188E-002 0.49867E-002
0.18800E+002 0.00480342 0.44049E-002 0.47400E-002 0.49937E-002 0.49054E-002 0.49731E-002
0.18835E+002 0.00479272 0.44030E-002 0.47457E-002 0.49711E-002 0.48891E-002 0.49547E-002
0.18870E+002 0.00478038 0.44038E-002 0.47515E-002 0.49439E-002 0.48705E-002 0.49322E-002
0.18905E+002 0.00476658 0.44060E-002 0.47567E-002 0.49133E-002 0.48502E-002 0.49067E-002
0.18940E+002 0.00475166 0.44081E-002 0.47608E-002 0.48808E-002 0.48292E-002 0.48794E-002
0.18975E+002 0.00473608 0.44085E-002 0.47636E-002 0.48480E-002 0.48085E-002 0.48518E-002
0.19010E+002 0.00472046 0.44060E-002 0.47650E-002 0.48165E-002 0.47893E-002 0.48255E-002
0.19045E+002 0.00470544 0.43998E-002 0.47655E-002 0.47876E-002 0.47727E-002 0.48016E-002
0.19080E+002 0.00469156 0.43893E-002 0.47653E-002 0.47625E-002 0.47594E-002 0.47813E-002
0.19115E+002 0.00467946 0.43747E-002 0.47651E-002 0.47421E-002 0.47500E-002 0.47654E-002
0.19150E+002 0.00466946 0.43563E-002 0.47654E-002 0.47266E-002 0.47448E-002 0.47542E-002
0.19185E+002 0.00466162 0.43348E-002 0.47666E-002 0.47159E-002 0.47434E-002 0.47474E-002
0.19220E+002 0.0046558 0.43109E-002 0.47690E-002 0.47093E-002 0.47452E-002 0.47446E-002
0.19255E+002 0.00465136 0.42853E-002 0.47723E-002 0.47058E-002 0.47489E-002 0.47445E-002
0.19290E+002 0.00464762 0.42589E-002 0.47763E-002 0.47039E-002 0.47532E-002 0.47458E-002
0.19325E+002 0.00464352 0.42321E-002 0.47804E-002 0.47021E-002 0.47562E-002 0.47468E-002
0.19360E+002 0.00463812 0.42054E-002 0.47840E-002 0.46990E-002 0.47564E-002 0.47458E-002
0.19395E+002 0.00463054 0.41790E-002 0.47864E-002 0.46934E-002 0.47524E-002 0.47415E-002
0.19430E+002 0.00462014 0.41529E-002 0.47874E-002 0.46844E-002 0.47432E-002 0.47328E-002
0.19465E+002 0.0046066 0.41269E-002 0.47868E-002 0.46717E-002 0.47283E-002 0.47193E-002
0.19500E+002 0.00459006 0.41008E-002 0.47848E-002 0.46555E-002 0.47080E-002 0.47012E-002
0.19535E+002 0.00457096 0.40742E-002 0.47817E-002 0.46364E-002 0.46831E-002 0.46794E-002
0.19570E+002 0.0045503 0.40469E-002 0.47782E-002 0.46158E-002 0.46553E-002 0.46553E-002
0.19605E+002 0.00452914 0.40186E-002 0.47749E-002 0.45949E-002 0.46264E-002 0.46309E-002
0.19640E+002 0.0045087 0.39891E-002 0.47721E-002 0.45755E-002 0.45987E-002 0.46081E-002
0.19675E+002 0.00449022 0.39583E-002 0.47703E-002 0.45591E-002 0.45745E-002 0.45889E-002
0.19710E+002 0.00447474 0.39263E-002 0.47696E-002 0.45471E-002 0.45555E-002 0.45752E-002
0.19745E+002 0.0044629 0.38931E-002 0.47700E-002 0.45404E-002 0.45432E-002 0.45678E-002
0.19780E+002 0.00445508 0.38584E-002 0.47716E-002 0.45397E-002 0.45384E-002 0.45673E-002
0.19815E+002 0.0044512 0.38223E-002 0.47743E-002 0.45450E-002 0.45410E-002 0.45734E-002
0.19850E+002 0.00445078 0.37846E-002 0.47782E-002 0.45558E-002 0.45502E-002 0.45851E-002
0.19885E+002 0.00445304 0.37451E-002 0.47834E-002 0.45712E-002 0.45647E-002 0.46008E-002
0.19920E+002 0.0044569 0.37039E-002 0.47899E-002 0.45896E-002 0.45825E-002 0.46186E-002
0.19955E+002 0.0044612 0.36609E-002 0.47977E-002 0.46094E-002 0.46016E-002 0.46364E-002
0.19990E+002 0.00446468 0.36164E-002 0.48064E-002 0.46287E-002 0.46197E-002 0.46522E-002
0.20025E+002 0.00446618 0.35710E-002 0.48151E-002 0.46456E-002 0.46349E-002 0.46643E-002
0.20060E+002 0.00446458 0.35252E-002 0.48226E-002 0.46585E-002 0.46455E-002 0.46711E-002
0.20095E+002 0.00445902 0.34799E-002 0.48273E-002 0.46660E-002 0.46502E-002 0.46717E-002
0.20130E+002 0.00444886 0.34360E-002 0.48274E-002 0.46671E-002 0.46482E-002 0.46656E-002
0.20165E+002 0.00443374 0.33942E-002 0.48211E-002 0.46616E-002 0.46393E-002 0.46525E-002
0.20200E+002 0.00441358 0.33555E-002 0.48067E-002 0.46492E-002 0.46236E-002 0.46329E-002
0.20235E+002 0.0043885 0.33205E-002 0.47831E-002 0.46304E-002 0.46013E-002 0.46072E-002
0.20270E+002 0.004359 0.32899E-002 0.47500E-002 0.46058E-002 0.45733E-002 0.45760E-002
0.20305E+002 0.0043257 0.32641E-002 0.47076E-002 0.45761E-002 0.45403E-002 0.45404E-002
0.20340E+002 0.00428932 0.32434E-002 0.46569E-002 0.45420E-002 0.45032E-002 0.45011E-002
0.20375E+002 0.00425076 0.32280E-002 0.45997E-002 0.45042E-002 0.44629E-002 0.44590E-002
0.20410E+002 0.00421096 0.32177E-002 0.45382E-002 0.44633E-002 0.44204E-002 0.44152E-002
0.20445E+002 0.00417088 0.32122E-002 0.44751E-002 0.44200E-002 0.43765E-002 0.43706E-002
0.20480E+002 0.00413132 0.32107E-002 0.44130E-002 0.43749E-002 0.43319E-002 0.43261E-002
0.20515E+002 0.00409318 0.32124E-002 0.43547E-002 0.43286E-002 0.42875E-002 0.42827E-002
0.20550E+002 0.00405718 0.32160E-002 0.43023E-002 0.42821E-002 0.42440E-002 0.42415E-002
0.20585E+002 0.00402398 0.32204E-002 0.42577E-002 0.42363E-002 0.42022E-002 0.42033E-002
0.20620E+002 0.0039941 0.32243E-002 0.42220E-002 0.41922E-002 0.41630E-002 0.41690E-002
0.20655E+002 0.003968 0.32268E-002 0.41957E-002 0.41511E-002 0.41272E-002 0.41392E-002
0.20690E+002 0.00394588 0.32271E-002 0.41784E-002 0.41141E-002 0.40956E-002 0.41142E-002
0.20725E+002 0.00392784 0.32252E-002 0.41689E-002 0.40820E-002 0.40689E-002 0.40942E-002
0.20760E+002 0.00391382 0.32212E-002 0.41655E-002 0.40555E-002 0.40477E-002 0.40792E-002
0.20795E+002 0.00390352 0.32155E-002 0.41661E-002 0.40349E-002 0.40324E-002 0.40687E-002
0.20830E+002 0.0038965 0.32088E-002 0.41680E-002 0.40203E-002 0.40231E-002 0.40623E-002
0.20865E+002 0.00389224 0.32018E-002 0.41689E-002 0.40113E-002 0.40196E-002 0.40596E-002
0.20900E+002 0.00389022 0.31953E-002 0.41669E-002 0.40074E-002 0.40217E-002 0.40598E-002
0.20935E+002 0.00388974 0.31896E-002 0.41602E-002 0.40076E-002 0.40287E-002 0.40626E-002
0.20970E+002 0.00389036 0.31851E-002 0.41482E-002 0.40114E-002 0.40398E-002 0.40673E-002
0.21005E+002 0.00389168 0.31816E-002 0.41312E-002 0.40179E-002 0.40540E-002 0.40737E-002
0.21040E+002 0.00389344 0.31790E-002 0.41102E-002 0.40265E-002 0.40702E-002 0.40813E-002
0.21075E+002 0.00389562 0.31770E-002 0.40872E-002 0.40367E-002 0.40873E-002 0.40899E-002
0.21110E+002 0.0038984 0.31752E-002 0.40650E-002 0.40484E-002 0.41042E-002 0.40992E-002
0.21145E+002 0.00390208 0.31733E-002 0.40465E-002 0.40614E-002 0.41200E-002 0.41092E-002
0.21180E+002 0.00390708 0.31711E-002 0.40348E-002 0.40757E-002 0.41342E-002 0.41196E-002
0.21215E+002 0.00391398 0.31686E-002 0.40327E-002 0.40916E-002 0.41465E-002 0.41305E-002
0.21250E+002 0.00392324 0.31660E-002 0.40423E-002 0.41090E-002 0.41570E-002 0.41419E-002
0.21285E+002 0.00393522 0.31633E-002 0.40645E-002 0.41280E-002 0.41663E-002 0.41540E-002
0.21320E+002 0.00395012 0.31608E-002 0.40993E-002 0.41486E-002 0.41750E-002 0.41669E-002
0.21355E+002 0.00396794 0.31587E-002 0.41452E-002 0.41706E-002 0.41843E-002 0.41809E-002
0.21390E+002 0.00398842 0.31569E-002 0.41997E-002 0.41938E-002 0.41953E-002 0.41964E-002
0.21425E+002 0.00401098 0.31554E-002 0.42593E-002 0.42180E-002 0.42087E-002 0.42135E-002
0.21460E+002 0.00403484 0.31540E-002 0.43200E-002 0.42427E-002 0.42253E-002 0.42322E-002
0.21495E+002 0.00405908 0.31525E-002 0.43775E-002 0.42675E-002 0.42454E-002 0.42525E-002
0.21530E+002 0.00408254 0.31503E-002 0.44279E-002 0.42918E-002 0.42685E-002 0.42742E-002
0.21565E+002 0.0041042 0.31473E-002 0.44679E-002 0.43152E-002 0.42941E-002 0.42965E-002
0.21600E+002 0.00412296 0.31429E-002 0.44953E-002 0.43370E-002 0.43209E-002 0.43187E-002
0.21635E+002 0.00413786 0.31367E-002 0.45087E-002 0.43564E-002 0.43476E-002 0.43399E-002
0.21670E+002 0.00414832 0.31287E-002 0.45081E-002 0.43728E-002 0.43728E-002 0.43592E-002
0.21705E+002 0.00415374 0.31185E-002 0.44943E-002 0.43856E-002 0.43948E-002 0.43755E-002
0.21740E+002 0.004154 0.31060E-002 0.44690E-002 0.43943E-002 0.44127E-002 0.43880E-002
0.21775E+002 0.0041492 0.30914E-002 0.44344E-002 0.43985E-002 0.44255E-002 0.43962E-002
0.21810E+002 0.00413962 0.30748E-002 0.43929E-002 0.43981E-002 0.44327E-002 0.43996E-002
0.21845E+002 0.00412566 0.30564E-002 0.43468E-002 0.43930E-002 0.44340E-002 0.43981E-002
0.21880E+002 0.00410792 0.30367E-002 0.42983E-002 0.43834E-002 0.44295E-002 0.43917E-002
0.21915E+002 0.00408708 0.30163E-002 0.42494E-002 0.43694E-002 0.44196E-002 0.43807E-002
0.21950E+002 0.00406378 0.29958E-002 0.42018E-002 0.43515E-002 0.44045E-002 0.43653E-002
0.21985E+002 0.00403878 0.29762E-002 0.41569E-002 0.43300E-002 0.43847E-002 0.43461E-002
0.22020E+002 0.00401278 0.29583E-002 0.41161E-002 0.43053E-002 0.43608E-002 0.43234E-002
0.22055E+002 0.00398632 0.29428E-002 0.40802E-002 0.42777E-002 0.43333E-002 0.42976E-002
0.22090E+002 0.00396016 0.29307E-002 0.40503E-002 0.42476E-002 0.43029E-002 0.42693E-002
0.22125E+002 0.00393468 0.29222E-002 0.40270E-002 0.42153E-002 0.42702E-002 0.42387E-002
0.22160E+002 0.0039104 0.29179E-002 0.40104E-002 0.41814E-002 0.42359E-002 0.42064E-002
0.22195E+002 0.0038876 0.29174E-002 0.40004E-002 0.41462E-002 0.42011E-002 0.41729E-002
0.22230E+002 0.00386648 0.29205E-002 0.39963E-002 0.41104E-002 0.41665E-002 0.41387E-002
0.22265E+002 0.00384708 0.29263E-002 0.39967E-002 0.40748E-002 0.41332E-002 0.41044E-002
0.22300E+002 0.00382928 0.29337E-002 0.40000E-002 0.40400E-002 0.41019E-002 0.40708E-002
0.22335E+002 0.00381296 0.29415E-002 0.40045E-002 0.40069E-002 0.40734E-002 0.40385E-002
0.22370E+002 0.00379782 0.29484E-002 0.40081E-002 0.39763E-002 0.40482E-002 0.40081E-002
0.22405E+002 0.00378354 0.29532E-002 0.40092E-002 0.39488E-002 0.40263E-002 0.39802E-002
0.22440E+002 0.00376974 0.29549E-002 0.40063E-002 0.39249E-002 0.40076E-002 0.39550E-002
0.22475E+002 0.00375618 0.29532E-002 0.39984E-002 0.39049E-002 0.39917E-002 0.39327E-002
0.22510E+002 0.00374256 0.29481E-002 0.39851E-002 0.38887E-002 0.39777E-002 0.39132E-002
0.22545E+002 0.0037287 0.29402E-002 0.39663E-002 0.38759E-002 0.39650E-002 0.38961E-002
0.22580E+002 0.0037146 0.29305E-002 0.39425E-002 0.38663E-002 0.39527E-002 0.38810E-002
0.22615E+002 0.00370026 0.29205E-002 0.39143E-002 0.38592E-002 0.39400E-002 0.38673E-002
0.22650E+002 0.00368588 0.29115E-002 0.38829E-002 0.38540E-002 0.39265E-002 0.38545E-002
0.22685E+002 0.00367176 0.29051E-002 0.38494E-002 0.38501E-002 0.39121E-002 0.38421E-002
0.22720E+002 0.0036583 0.29025E-002 0.38152E-002 0.38471E-002 0.38968E-002 0.38299E-002
0.22755E+002 0.00364588 0.29044E-002 0.37818E-002 0.38444E-002 0.38809E-002 0.38179E-002
0.22790E+002 0.00363488 0.29113E-002 0.37505E-002 0.38417E-002 0.38649E-002 0.38060E-002
0.22825E+002 0.00362558 0.29230E-002 0.37225E-002 0.38386E-002 0.38494E-002 0.37944E-002
0.22860E+002 0.00361812 0.29389E-002 0.36990E-002 0.38349E-002 0.38346E-002 0.37832E-002
0.22895E+002 0.00361244 0.29580E-002 0.36806E-002 0.38301E-002 0.38210E-002 0.37725E-002
0.22930E+002 0.00360828 0.29792E-002 0.36680E-002 0.38238E-002 0.38083E-002 0.37621E-002
0.22965E+002 0.00360538 0.30010E-002 0.36614E-002 0.38159E-002 0.37966E-002 0.37520E-002
0.23000E+002 0.0036032 0.30218E-002 0.36607E-002 0.38061E-002 0.37853E-002 0.37421E-002
0.23035E+002 0.00360136 0.30401E-002 0.36658E-002 0.37944E-002 0.37742E-002 0.37323E-002
0.23070E+002 0.0035995 0.30545E-002 0.36764E-002 0.37810E-002 0.37630E-002 0.37226E-002
0.23105E+002 0.00359748 0.30638E-002 0.36920E-002 0.37665E-002 0.37517E-002 0.37134E-002
0.23140E+002 0.0035952 0.30669E-002 0.37117E-002 0.37518E-002 0.37406E-002 0.37050E-002
0.23175E+002 0.00359296 0.30636E-002 0.37348E-002 0.37378E-002 0.37303E-002 0.36983E-002
0.23210E+002 0.00359108 0.30539E-002 0.37602E-002 0.37258E-002 0.37216E-002 0.36939E-002
0.23245E+002 0.00359006 0.30385E-002 0.37868E-002 0.37169E-002 0.37155E-002 0.36926E-002
0.23280E+002 0.00359032 0.30186E-002 0.38132E-002 0.37119E-002 0.37129E-002 0.36950E-002
0.23315E+002 0.00359232 0.29961E-002 0.38383E-002 0.37114E-002 0.37143E-002 0.37015E-002
0.23350E+002 0.00359632 0.29728E-002 0.38610E-002 0.37157E-002 0.37202E-002 0.37119E-002
0.23385E+002 0.00360228 0.29506E-002 0.38805E-002 0.37245E-002 0.37300E-002 0.37258E-002
0.23420E+002 0.00361004 0.29314E-002 0.38962E-002 0.37370E-002 0.37431E-002 0.37425E-002
0.23455E+002 0.00361912 0.29163E-002 0.39081E-002 0.37522E-002 0.37582E-002 0.37608E-002
0.23490E+002 0.00362892 0.29062E-002 0.39161E-002 0.37689E-002 0.37738E-002 0.37796E-002
0.23525E+002 0.00363858 0.29009E-002 0.39205E-002 0.37856E-002 0.37884E-002 0.37975E-002
0.23560E+002 0.00364746 0.29000E-002 0.39217E-002 0.38012E-002 0.38008E-002 0.38136E-002
0.23595E+002 0.00365476 0.29021E-002 0.39203E-002 0.38146E-002 0.38098E-002 0.38270E-002
0.23630E+002 0.00365994 0.29059E-002 0.39165E-002 0.38251E-002 0.38150E-002 0.38372E-002
0.23665E+002 0.00366258 0.29096E-002 0.39109E-002 0.38323E-002 0.38162E-002 0.38439E-002
0.23700E+002 0.0036624 0.29115E-002 0.39035E-002 0.38360E-002 0.38138E-002 0.38472E-002
0.23735E+002 0.00365936 0.29102E-002 0.38946E-002 0.38364E-002 0.38084E-002 0.38472E-002
0.23770E+002 0.0036536 0.29050E-002 0.38841E-002 0.38337E-002 0.38007E-002 0.38445E-002
0.23805E+002 0.0036454 0.28954E-002 0.38720E-002 0.38286E-002 0.37917E-002 0.38393E-002
0.23840E+002 0.00363516 0.28820E-002 0.38581E-002 0.38215E-002 0.37820E-002 0.38322E-002
0.23875E+002 0.00362348 0.28656E-002 0.38422E-002 0.38133E-002 0.37725E-002 0.38238E-002
0.23910E+002 0.00361096 0.28478E-002 0.38242E-002 0.38046E-002 0.37638E-002 0.38144E-002
0.23945E+002 0.00359832 0.28304E-002 0.38040E-002 0.37960E-002 0.37566E-002 0.38046E-002
0.23980E+002 0.00358634 0.28152E-002 0.37818E-002 0.37884E-002 0.37513E-002 0.37950E-002
0.24015E+002 0.00357564 0.28039E-002 0.37581E-002 0.37821E-002 0.37482E-002 0.37859E-002
0.24050E+002 0.0035667 0.27974E-002 0.37333E-002 0.37776E-002 0.37475E-002 0.37777E-002
0.24085E+002 0.00356 0.27963E-002 0.37084E-002 0.37751E-002 0.37493E-002 0.37709E-002
0.24120E+002 0.00355568 0.28001E-002 0.36842E-002 0.37748E-002 0.37535E-002 0.37658E-002
0.24155E+002 0.00355366 0.28079E-002 0.36618E-002 0.37766E-002 0.37596E-002 0.37624E-002
0.24190E+002 0.00355384 0.28184E-002 0.36421E-002 0.37803E-002 0.37674E-002 0.37610E-002
0.24225E+002 0.00355586 0.28299E-002 0.36258E-002 0.37856E-002 0.37764E-002 0.37616E-002
0.24260E+002 0.00355936 0.28410E-002 0.36133E-002 0.37924E-002 0.37860E-002 0.37641E-002
0.24295E+002 0.00356388 0.28503E-002 0.36046E-002 0.38002E-002 0.37959E-002 0.37684E-002
0.24330E+002 0.0035691 0.28573E-002 0.35996E-002 0.38086E-002 0.38057E-002 0.37743E-002
0.24365E+002 0.0035745 0.28616E-002 0.35974E-002 0.38170E-002 0.38150E-002 0.37815E-002
0.24400E+002 0.0035797 0.28637E-002 0.35970E-002 0.38249E-002 0.38234E-002 0.37895E-002
0.24435E+002 0.00358432 0.28645E-002 0.35971E-002 0.38315E-002 0.38308E-002 0.37977E-002
0.24470E+002 0.00358792 0.28651E-002 0.35966E-002 0.38360E-002 0.38365E-002 0.38054E-002
0.24505E+002 0.00358998 0.28666E-002 0.35939E-002 0.38376E-002 0.38401E-002 0.38117E-002
0.24540E+002 0.00359014 0.28701E-002 0.35882E-002 0.38357E-002 0.38410E-002 0.38157E-002
0.24575E+002 0.00358796 0.28764E-002 0.35786E-002 0.38296E-002 0.38386E-002 0.38166E-002
0.24610E+002 0.00358322 0.28858E-002 0.35648E-002 0.38193E-002 0.38325E-002 0.38137E-002
0.24645E+002 0.00357572 0.28982E-002 0.35470E-002 0.38047E-002 0.38223E-002 0.38064E-002
0.24680E+002 0.00356564 0.29131E-002 0.35257E-002 0.37866E-002 0.38081E-002 0.37947E-002
0.24715E+002 0.00355334 0.29294E-002 0.35022E-002 0.37659E-002 0.37903E-002 0.37789E-002
0.24750E+002 0.00353938 0.29459E-002 0.34779E-002 0.37437E-002 0.37697E-002 0.37597E-002
0.24785E+002 0.00352458 0.29613E-002 0.34544E-002 0.37215E-002 0.37475E-002 0.37382E-002
0.24820E+002 0.00350988 0.29742E-002 0.34335E-002 0.37008E-002 0.37252E-002 0.37157E-002
0.24855E+002 0.00349616 0.29834E-002 0.34167E-002 0.36828E-002 0.37042E-002 0.36937E-002
0.24890E+002 0.00348412 0.29878E-002 0.34052E-002 0.36683E-002 0.36859E-002 0.36734E-002
0.24925E+002 0.00347434 0.29869E-002 0.33998E-002 0.36577E-002 0.36714E-002 0.36559E-002
0.24960E+002 0.00346684 0.29804E-002 0.34004E-002 0.36507E-002 0.36611E-002 0.36416E-002
0.24995E+002 0.0034615 0.29684E-002 0.34068E-002 0.36466E-002 0.36549E-002 0.36308E-002
0.25030E+002 0.00345772 0.29515E-002 0.34176E-002 0.36443E-002 0.36523E-002 0.36229E-002
0.25065E+002 0.00345472 0.29304E-002 0.34315E-002 0.36424E-002 0.36522E-002 0.36171E-002
0.25100E+002 0.0034516 0.29063E-002 0.34465E-002 0.36396E-002 0.36531E-002 0.36125E-002
0.25135E+002 0.0034475 0.28803E-002 0.34607E-002 0.36347E-002 0.36538E-002 0.36080E-002
0.25170E+002 0.00344168 0.28537E-002 0.34722E-002 0.36270E-002 0.36529E-002 0.36026E-002
0.25205E+002 0.0034337 0.28275E-002 0.34796E-002 0.36160E-002 0.36496E-002 0.35958E-002
0.25240E+002 0.0034234 0.28030E-002 0.34817E-002 0.36018E-002 0.36433E-002 0.35872E-002
0.25275E+002 0.00341088 0.27808E-002 0.34782E-002 0.35849E-002 0.36337E-002 0.35768E-002
0.25310E+002 0.00339654 0.27618E-002 0.34692E-002 0.35659E-002 0.36212E-002 0.35646E-002
0.25345E+002 0.00338094 0.27465E-002 0.34553E-002 0.35458E-002 0.36059E-002 0.35512E-002
0.25380E+002 0.00336474 0.27353E-002 0.34378E-002 0.35253E-002 0.35886E-002 0.35367E-002
0.25415E+002 0.0033486 0.27284E-002 0.34180E-002 0.35053E-002 0.35697E-002 0.35216E-002
0.25450E+002 0.00333324 0.27261E-002 0.33975E-002 0.34864E-002 0.35498E-002 0.35064E-002
0.25485E+002 0.00331926 0.27283E-002 0.33779E-002 0.34693E-002 0.35295E-002 0.34913E-002
0.25520E+002 0.00330716 0.27348E-002 0.33604E-002 0.34544E-002 0.35094E-002 0.34768E-002
0.25555E+002 0.00329736 0.27452E-002 0.33461E-002 0.34422E-002 0.34899E-002 0.34634E-002
0.25590E+002 0.00329006 0.27589E-002 0.33357E-002 0.34327E-002 0.34715E-002 0.34515E-002
0.25625E+002 0.0032854 0.27752E-002 0.33293E-002 0.34263E-002 0.34546E-002 0.34416E-002
0.25660E+002 0.00328324 0.27932E-002 0.33268E-002 0.34228E-002 0.34394E-002 0.34340E-002
0.25695E+002 0.00328328 0.28119E-002 0.33277E-002 0.34219E-002 0.34262E-002 0.34287E-002
0.25730E+002 0.00328518 0.28306E-002 0.33314E-002 0.34233E-002 0.34148E-002 0.34258E-002
0.25765E+002 0.0032883 0.28482E-002 0.33369E-002 0.34264E-002 0.34052E-002 0.34248E-002
0.25800E+002 0.00329198 0.28642E-002 0.33433E-002 0.34303E-002 0.33970E-002 0.34251E-002
0.25835E+002 0.00329542 0.28779E-002 0.33496E-002 0.34342E-002 0.33897E-002 0.34257E-002
0.25870E+002 0.00329798 0.28888E-002 0.33551E-002 0.34373E-002 0.33829E-002 0.34258E-002
0.25905E+002 0.00329898 0.28966E-002 0.33590E-002 0.34389E-002 0.33761E-002 0.34243E-002
0.25940E+002 0.00329794 0.29008E-002 0.33611E-002 0.34383E-002 0.33689E-002 0.34206E-002
0.25975E+002 0.00329458 0.29011E-002 0.33611E-002 0.34354E-002 0.33611E-002 0.34142E-002
0.26010E+002 0.00328886 0.28973E-002 0.33592E-002 0.34301E-002 0.33525E-002 0.34052E-002
0.26045E+002 0.003281 0.28889E-002 0.33560E-002 0.34228E-002 0.33433E-002 0.33940E-002
0.26080E+002 0.00327152 0.28758E-002 0.33520E-002 0.34142E-002 0.33340E-002 0.33816E-002
0.26115E+002 0.00326114 0.28581E-002 0.33482E-002 0.34051E-002 0.33251E-002 0.33692E-002
0.26150E+002 0.00325064 0.28357E-002 0.33453E-002 0.33966E-002 0.33173E-002 0.33583E-002
0.26185E+002 0.003241 0.28092E-002 0.33441E-002 0.33899E-002 0.33116E-002 0.33502E-002
0.26220E+002 0.0032329 0.27788E-002 0.33453E-002 0.33858E-002 0.33085E-002 0.33461E-002
0.26255E+002 0.00322714 0.27454E-002 0.33492E-002 0.33852E-002 0.33089E-002 0.33470E-002
0.26290E+002 0.00322404 0.27094E-002 0.33560E-002 0.33885E-002 0.33132E-002 0.33531E-002
0.26325E+002 0.00322386 0.26718E-002 0.33656E-002 0.33958E-002 0.33218E-002 0.33643E-002
0.26360E+002 0.00322644 0.26332E-002 0.33776E-002 0.34067E-002 0.33345E-002 0.33802E-002
0.26395E+002 0.00323156 0.25943E-002 0.33917E-002 0.34208E-002 0.33512E-002 0.33998E-002
0.26430E+002 0.00323868 0.25556E-002 0.34073E-002 0.34371E-002 0.33714E-002 0.34220E-002
0.26465E+002 0.00324726 0.25178E-002 0.34236E-002 0.34547E-002 0.33945E-002 0.34457E-002
0.26500E+002 0.00325668 0.24812E-002 0.34400E-002 0.34727E-002 0.34197E-002 0.34698E-002
0.26535E+002 0.0032664 0.24464E-002 0.34556E-002 0.34903E-002 0.34464E-002 0.34933E-002
0.26570E+002 0.0032758 0.24137E-002 0.34693E-002 0.35068E-002 0.34738E-002 0.35154E-002
0.26605E+002 0.00328448 0.23836E-002 0.34801E-002 0.35219E-002 0.35011E-002 0.35357E-002
0.26640E+002 0.00329216 0.23565E-002 0.34870E-002 0.35357E-002 0.35278E-002 0.35538E-002
0.26675E+002 0.00329868 0.23330E-002 0.34890E-002 0.35482E-002 0.35533E-002 0.35699E-002
0.26710E+002 0.00330406 0.23137E-002 0.34857E-002 0.35600E-002 0.35771E-002 0.35838E-002
0.26745E+002 0.00330834 0.22989E-002 0.34768E-002 0.35714E-002 0.35989E-002 0.35957E-002
0.26780E+002 0.00331172 0.22892E-002 0.34630E-002 0.35828E-002 0.36180E-002 0.36056E-002
0.26815E+002 0.00331442 0.22847E-002 0.34452E-002 0.35943E-002 0.36343E-002 0.36136E-002
0.26850E+002 0.00331674 0.22854E-002 0.34252E-002 0.36060E-002 0.36475E-002 0.36196E-002
0.26885E+002 0.00331882 0.22910E-002 0.34050E-002 0.36173E-002 0.36574E-002 0.36234E-002
0.26920E+002 0.00332094 0.23007E-002 0.33871E-002 0.36278E-002 0.36640E-002 0.36251E-002
0.26955E+002 0.00332332 0.23138E-002 0.33737E-002 0.36369E-002 0.36677E-002 0.36245E-002
0.26990E+002 0.00332598 0.23289E-002 0.33667E-002 0.36437E-002 0.36687E-002 0.36219E-002
0.27025E+002 0.00332912 0.23447E-002 0.33674E-002 0.36480E-002 0.36678E-002 0.36177E-002
0.27060E+002 0.00333278 0.23599E-002 0.33763E-002 0.36495E-002 0.36659E-002 0.36123E-002
0.27095E+002 0.00333706 0.23733E-002 0.33931E-002 0.36484E-002 0.36639E-002 0.36066E-002
0.27130E+002 0.0033419 0.23840E-002 0.34167E-002 0.36449E-002 0.36627E-002 0.36012E-002
0.27165E+002 0.0033473 0.23913E-002 0.34453E-002 0.36398E-002 0.36632E-002 0.35969E-002
0.27200E+002 0.00335328 0.23952E-002 0.34768E-002 0.36338E-002 0.36661E-002 0.35945E-002
0.27235E+002 0.0033596 0.23961E-002 0.35086E-002 0.36276E-002 0.36715E-002 0.35942E-002
0.27270E+002 0.00336616 0.23948E-002 0.35387E-002 0.36218E-002 0.36794E-002 0.35961E-002
0.27305E+002 0.00337278 0.23925E-002 0.35650E-002 0.36169E-002 0.36895E-002 0.36000E-002
0.27340E+002 0.00337924 0.23906E-002 0.35864E-002 0.36130E-002 0.37008E-002 0.36054E-002
0.27375E+002 0.00338528 0.23904E-002 0.36019E-002 0.36100E-002 0.37125E-002 0.36116E-002
0.27410E+002 0.0033908 0.23934E-002 0.36113E-002 0.36080E-002 0.37235E-002 0.36178E-002
0.27445E+002 0.00339546 0.24002E-002 0.36150E-002 0.36065E-002 0.37325E-002 0.36231E-002
0.27480E+002 0.0033992 0.24115E-002 0.36134E-002 0.36054E-002 0.37389E-002 0.36268E-002
0.27515E+002 0.00340194 0.24273E-002 0.36074E-002 0.36045E-002 0.37419E-002 0.36286E-002
0.27550E+002 0.00340372 0.24472E-002 0.35978E-002 0.36039E-002 0.37414E-002 0.36283E-002
0.27585E+002 0.00340462 0.24705E-002 0.35854E-002 0.36035E-002 0.37376E-002 0.36261E-002
0.27620E+002 0.00340482 0.24964E-002 0.35706E-002 0.36037E-002 0.37310E-002 0.36224E-002
0.27655E+002 0.00340462 0.25241E-002 0.35541E-002 0.36046E-002 0.37223E-002 0.36180E-002
0.27690E+002 0.00340426 0.25529E-002 0.35364E-002 0.36062E-002 0.37124E-002 0.36134E-002
0.27725E+002 0.00340384 0.25821E-002 0.35180E-002 0.36082E-002 0.37019E-002 0.36090E-002
0.27760E+002 0.00340358 0.26115E-002 0.34995E-002 0.36104E-002 0.36913E-002 0.36052E-002
0.27795E+002 0.0034033 0.26410E-002 0.34814E-002 0.36119E-002 0.36806E-002 0.36016E-002
0.27830E+002 0.00340282 0.26706E-002 0.34646E-002 0.36117E-002 0.36696E-002 0.35976E-002
0.27865E+002 0.00340178 0.27003E-002 0.34497E-002 0.36088E-002 0.36578E-002 0.35923E-002
0.27900E+002 0.00339968 0.27300E-002 0.34371E-002 0.36021E-002 0.36445E-002 0.35847E-002
0.27935E+002 0.00339606 0.27595E-002 0.34272E-002 0.35909E-002 0.36289E-002 0.35738E-002
0.27970E+002 0.00339042 0.27882E-002 0.34198E-002 0.35747E-002 0.36105E-002 0.35589E-002
0.28005E+002 0.00338236 0.28152E-002 0.34144E-002 0.35534E-002 0.35892E-002 0.35396E-002
0.28040E+002 0.0033717 0.28398E-002 0.34101E-002 0.35275E-002 0.35649E-002 0.35162E-002
0.28075E+002 0.00335844 0.28608E-002 0.34059E-002 0.34979E-002 0.35383E-002 0.34893E-002
0.28110E+002 0.0033427 0.28774E-002 0.34004E-002 0.34657E-002 0.35101E-002 0.34599E-002
0.28145E+002 0.00332474 0.28889E-002 0.33923E-002 0.34321E-002 0.34812E-002 0.34292E-002
0.28180E+002 0.00330498 0.28949E-002 0.33804E-002 0.33984E-002 0.34527E-002 0.33985E-002
0.28215E+002 0.00328394 0.28957E-002 0.33638E-002 0.33658E-002 0.34254E-002 0.33690E-002
0.28250E+002 0.0032622 0.28915E-002 0.33422E-002 0.33354E-002 0.34003E-002 0.33416E-002
0.28285E+002 0.00324036 0.28832E-002 0.33156E-002 0.33080E-002 0.33779E-002 0.33171E-002
0.28320E+002 0.003219 0.28719E-002 0.32846E-002 0.32843E-002 0.33585E-002 0.32957E-002
0.28355E+002 0.0031987 0.28585E-002 0.32503E-002 0.32645E-002 0.33425E-002 0.32777E-002
0.28390E+002 0.00318012 0.28442E-002 0.32146E-002 0.32490E-002 0.33298E-002 0.32630E-002
0.28425E+002 0.00316368 0.28301E-002 0.31794E-002 0.32376E-002 0.33202E-002 0.32511E-002
0.28460E+002 0.0031499 0.28168E-002 0.31472E-002 0.32302E-002 0.33135E-002 0.32418E-002
0.28495E+002 0.00313902 0.28051E-002 0.31204E-002 0.32264E-002 0.33091E-002 0.32341E-002
0.28530E+002 0.00313114 0.27952E-002 0.31011E-002 0.32256E-002 0.33064E-002 0.32274E-002
0.28565E+002 0.00312628 0.27872E-002 0.30911E-002 0.32272E-002 0.33049E-002 0.32210E-002
0.28600E+002 0.00312424 0.27811E-002 0.30913E-002 0.32306E-002 0.33039E-002 0.32143E-002
0.28635E+002 0.00312478 0.27768E-002 0.31021E-002 0.32354E-002 0.33028E-002 0.32068E-002
0.28670E+002 0.00312752 0.27737E-002 0.31227E-002 0.32411E-002 0.33014E-002 0.31987E-002
0.28705E+002 0.00313218 0.27715E-002 0.31517E-002 0.32476E-002 0.32996E-002 0.31905E-002
0.28740E+002 0.0031384 0.27696E-002 0.31869E-002 0.32550E-002 0.32975E-002 0.31830E-002
0.28775E+002 0.00314594 0.27672E-002 0.32259E-002 0.32633E-002 0.32958E-002 0.31775E-002
0.28810E+002 0.00315462 0.27637E-002 0.32660E-002 0.32729E-002 0.32950E-002 0.31755E-002
0.28845E+002 0.00316424 0.27584E-002 0.33048E-002 0.32837E-002 0.32960E-002 0.31783E-002
0.28880E+002 0.0031747 0.27504E-002 0.33405E-002 0.32959E-002 0.32995E-002 0.31872E-002
0.28915E+002 0.00318574 0.27393E-002 0.33718E-002 0.33090E-002 0.33059E-002 0.32027E-002
0.28950E+002 0.00319714 0.27248E-002 0.33982E-002 0.33225E-002 0.33155E-002 0.32247E-002
0.28985E+002 0.00320846 0.27066E-002 0.34198E-002 0.33356E-002 0.33279E-002 0.32524E-002
0.29020E+002 0.00321938 0.26850E-002 0.34375E-002 0.33473E-002 0.33427E-002 0.32844E-002
0.29055E+002 0.00322938 0.26605E-002 0.34522E-002 0.33566E-002 0.33590E-002 0.33186E-002
0.29090E+002 0.00323796 0.26339E-002 0.34651E-002 0.33627E-002 0.33756E-002 0.33525E-002
0.29125E+002 0.00324472 0.26061E-002 0.34772E-002 0.33651E-002 0.33915E-002 0.33837E-002
0.29160E+002 0.00324924 0.25780E-002 0.34893E-002 0.33636E-002 0.34054E-002 0.34099E-002
0.29195E+002 0.00325126 0.25507E-002 0.35018E-002 0.33585E-002 0.34164E-002 0.34289E-002
0.29230E+002 0.00325066 0.25248E-002 0.35150E-002 0.33503E-002 0.34238E-002 0.34394E-002
0.29265E+002 0.00324748 0.25011E-002 0.35289E-002 0.33398E-002 0.34271E-002 0.34405E-002
0.29300E+002 0.00324194 0.24801E-002 0.35436E-002 0.33280E-002 0.34259E-002 0.34321E-002
0.29335E+002 0.00323444 0.24618E-002 0.35596E-002 0.33158E-002 0.34203E-002 0.34147E-002
0.29370E+002 0.00322538 0.24464E-002 0.35771E-002 0.33038E-002 0.34103E-002 0.33893E-002
0.29405E+002 0.00321532 0.24336E-002 0.35970E-002 0.32924E-002 0.33962E-002 0.33574E-002
0.29440E+002 0.00320486 0.24231E-002 0.36201E-002 0.32818E-002 0.33785E-002 0.33208E-002
0.29475E+002 0.00319442 0.24145E-002 0.36471E-002 0.32716E-002 0.33576E-002 0.32813E-002
0.29510E+002 0.00318434 0.24072E-002 0.36784E-002 0.32612E-002 0.33340E-002 0.32409E-002
0.29545E+002 0.00317484 0.24005E-002 0.37140E-002 0.32500E-002 0.33084E-002 0.32013E-002
0.29580E+002 0.00316582 0.23939E-002 0.37530E-002 0.32371E-002 0.32812E-002 0.31639E-002
0.29615E+002 0.00315698 0.23866E-002 0.37939E-002 0.32220E-002 0.32528E-002 0.31296E-002
0.29650E+002 0.00314786 0.23782E-002 0.38346E-002 0.32041E-002 0.32234E-002 0.30990E-002
0.29685E+002 0.00313786 0.23684E-002 0.38725E-002 0.31831E-002 0.31932E-002 0.30721E-002
0.29720E+002 0.00312642 0.23570E-002 0.39051E-002 0.31591E-002 0.31620E-002 0.30489E-002
0.29755E+002 0.00311298 0.23443E-002 0.39297E-002 0.31323E-002 0.31299E-002 0.30287E-002
0.29790E+002 0.00309736 0.23308E-002 0.39446E-002 0.31033E-002 0.30970E-002 0.30111E-002
0.29825E+002 0.0030795 0.23170E-002 0.39488E-002 0.30729E-002 0.30634E-002 0.29954E-002
0.29860E+002 0.00305972 0.23038E-002 0.39419E-002 0.30420E-002 0.30298E-002 0.29811E-002
0.29895E+002 0.00303862 0.22920E-002 0.39247E-002 0.30117E-002 0.29968E-002 0.29679E-002
0.29930E+002 0.00301696 0.22822E-002 0.38987E-002 0.29832E-002 0.29655E-002 0.29552E-002
0.29965E+002 0.00299554 0.22746E-002 0.38657E-002 0.29574E-002 0.29371E-002 0.29429E-002
